400 400
1600
71 29
82
278 242
50
130 115
17
41 186
30
381 334
95
277 133
6
160 222
85
194 135
46
214 113
4
111 366
72
227 132
83
72 29
79
95 278
25
3 15
5
211 309
20
337 305
82
201 152
58
361 253
99
233 333
27
191 187
15
265 136
40
149 370
30
202 116
34
249 48
15
355 66
2
160 235
52
242 45
26
259 363
83
200 48
91
265 257
95
171 250
92
88 252
3
249 169
76
155 162
32
201 129
28
213 103
21
178 374
30
102 6
45
322 275
36
31 211
52
247 101
30
9 309
56
130 190
85
129 145
95
384 106
77
132 379
76
207 64
47
277 388
50
164 102
77
117 27
89
13 55
72
258 231
15
64 100
2
90 9
49
255 342
76
201 371
60
330 256
63
46 88
67
116 183
25
390 157
37
357 209
2
290 219
86
29 35
44
376 115
76
109 0
95
269 217
31
195 188
4
256 18
69
11 367
22
172 55
21
197 377
62
39 205
88
312 71
23
269 109
28
264 143
72
242 12
91
287 163
93
305 68
71
108 277
73
392 185
85
255 67
51
180 302
48
160 58
31
45 257
38
374 167
32
24 283
92
104 163
61
64 90
41
263 336
54
284 130
77
330 246
63
290 173
77
253 371
77
305 189
54
218 4
12
329 137
35
301 75
14
305 274
17
384 338
75
193 361
86
60 97
28
86 235
62
108 290
24
318 249
65
303 349
85
389 309
29
1 47
68
381 268
50
279 257
59
145 177
91
311 209
3
102 215
25
321 30
73
191 0
40
344 242
79
271 29
90
127 244
91
242 231
90
381 160
65
302 16
10
70 384
48
79 124
31
305 287
73
71 120
20
85 18
93
168 52
90
31 312
55
158 389
7
334 206
91
361 79
56
265 191
80
30 59
92
215 370
97
109 209
77
243 23
78
244 24
61
64 322
20
200 103
61
124 373
97
380 70
68
138 128
49
183 279
7
99 316
2
382 259
23
114 179
36
187 285
22
377 0
22
312 136
36
391 200
12
354 138
100
142 255
13
311 176
78
7 210
45
3 325
32
331 270
42
236 154
60
109 199
41
53 38
96
332 127
5
398 301
14
56 43
92
16 7
50
390 68
57
134 228
26
383 29
64
362 6
99
328 13
97
69 18
40
80 27
13
307 155
96
342 33
23
358 386
47
235 315
100
382 334
23
299 336
22
272 319
97
210 258
5
184 206
89
22 207
40
164 111
37
130 6
45
329 215
61
172 231
25
259 156
73
164 147
21
97 57
20
62 365
10
101 207
80
256 230
3
321 216
58
352 54
13
376 268
25
309 98
47
252 381
7
394 56
46
182 173
23
109 189
36
14 180
75
382 347
92
334 307
16
327 2
30
278 146
79
391 23
95
233 260
37
59 345
85
66 204
1
300 142
10
92 113
61
343 369
90
379 26
2
248 360
33
325 55
86
136 39
2
127 70
63
52 305
58
57 11
85
223 43
52
228 387
74
220 154
24
111 247
76
329 326
13
256 341
32
1 380
58
383 153
57
37 10
7
209 122
18
302 84
49
334 9
31
324 224
5
208 278
65
122 238
7
131 323
56
373 85
38
276 189
83
137 339
81
263 335
43
41 142
80
275 80
73
30 392
27
59 276
10
287 283
29
116 172
55
372 98
38
265 380
71
37 144
5
164 68
58
87 230
48
92 345
43
87 1
17
187 88
24
147 15
40
185 127
47
337 261
39
363 170
56
96 55
68
12 321
9
214 190
92
151 250
41
252 302
37
103 359
25
149 326
27
47 278
45
106 364
14
29 1
1
341 267
61
365 215
14
136 392
30
263 204
99
289 76
68
394 278
86
284 263
42
188 295
58
199 304
81
31 311
19
6 138
71
112 156
27
156 342
69
387 95
33
231 256
93
213 324
66
59 37
62
70 275
97
280 5
46
82 249
98
242 387
16
343 61
72
100 303
68
40 23
49
273 374
45
338 211
34
157 199
76
318 153
98
290 54
30
53 227
35
259 332
70
82 370
40
115 138
75
0 337
22
41 109
88
71 397
2
38 220
78
207 141
63
16 281
32
6 7
43
3 347
97
226 47
53
202 327
1
134 309
42
64 213
87
371 221
51
121 375
78
288 223
33
348 237
32
313 136
5
9 170
87
332 149
46
304 87
94
93 132
74
381 41
100
351 284
56
184 143
45
22 373
52
108 233
97
344 15
99
19 75
46
122 316
54
383 208
35
223 219
70
74 276
3
66 272
17
301 175
45
234 85
26
357 335
92
389 144
61
146 237
77
294 135
16
144 47
23
8 43
99
207 252
27
199 248
76
76 177
7
157 22
71
356 231
63
194 169
82
271 129
73
173 231
22
398 349
12
276 365
26
322 332
5
356 208
48
238 338
98
28 379
6
189 67
77
160 269
49
59 223
5
373 153
78
171 55
55
157 120
53
182 293
38
263 138
91
294 354
23
328 267
51
246 314
41
339 276
49
59 79
97
217 287
61
238 230
61
128 178
83
254 174
88
394 68
50
54 265
35
60 79
45
78 213
91
177 335
65
198 129
49
118 20
45
25 323
36
118 285
92
56 310
67
385 220
67
371 322
46
216 39
33
340 334
96
179 8
63
9 91
30
135 230
70
274 245
76
200 216
71
169 228
97
13 246
55
99 249
13
352 200
43
373 372
77
240 108
61
68 261
10
372 35
34
120 308
10
132 282
43
116 194
83
364 295
92
183 369
49
55 219
8
41 321
86
357 112
37
3 29
26
15 3
15
7 264
17
215 64
79
273 154
34
46 112
16
103 237
19
15 124
39
314 42
49
65 390
73
138 231
51
366 238
22
199 61
35
223 189
24
348 40
63
116 328
95
330 293
73
229 61
98
187 244
93
257 43
73
6 52
90
44 280
43
273 23
44
326 115
93
31 81
68
127 314
9
55 29
83
260 169
7
394 398
80
138 329
53
75 160
99
193 35
53
206 54
84
245 311
38
266 105
2
197 5
84
29 49
49
251 98
49
83 105
61
47 182
92
333 396
59
355 155
53
45 258
4
200 281
77
372 244
18
9 192
95
154 21
10
387 143
3
35 329
64
248 293
5
245 324
34
135 272
49
295 261
7
136 8
98
34 226
15
67 174
74
104 321
8
250 375
97
263 314
82
388 345
9
112 181
24
97 281
71
90 13
22
296 347
40
395 240
72
143 24
87
80 313
74
42 58
1
62 36
52
176 58
42
352 363
56
3 395
32
85 19
64
107 308
45
302 138
45
162 280
44
177 259
42
225 156
31
233 196
15
324 314
32
158 102
76
302 295
31
126 298
93
38 222
31
152 207
36
347 303
65
197 358
91
303 376
8
32 147
96
360 92
50
55 130
71
74 0
25
37 198
76
32 3
24
345 85
83
235 362
85
14 214
34
52 97
87
385 157
56
258 202
5
8 176
39
106 333
3
220 355
43
374 4
76
58 33
84
29 6
41
209 202
24
86 131
28
58 298
73
384 319
5
33 241
47
309 145
65
4 34
98
332 128
63
240 310
5
234 87
89
201 175
12
152 53
20
70 100
97
258 71
1
108 392
10
283 393
25
381 141
37
79 105
53
255 267
75
5 384
13
166 338
5
347 270
38
393 237
51
182 53
93
336 111
84
302 118
80
214 5
53
197 181
45
113 75
1
163 161
88
300 166
68
186 293
39
89 211
49
399 293
90
365 151
25
317 111
71
381 95
38
32 127
6
97 336
34
163 318
45
123 245
39
396 260
85
74 209
27
205 171
5
64 195
99
65 160
88
42 293
68
283 239
63
199 96
29
85 74
72
324 356
47
41 333
60
48 192
88
381 252
8
330 27
10
120 68
99
321 207
89
232 394
25
220 11
93
201 263
32
9 358
23
310 169
23
314 319
82
87 277
79
190 289
59
8 398
100
114 150
13
314 175
59
101 31
30
320 255
65
338 389
41
353 23
28
364 32
39
101 67
32
179 252
98
244 381
99
208 315
76
315 261
90
313 337
25
232 263
36
378 317
37
84 285
42
71 166
72
294 323
89
160 359
98
34 140
53
224 380
32
111 94
88
117 174
34
123 68
2
0 263
33
146 317
36
159 27
82
238 320
76
359 52
74
357 271
54
195 358
14
62 94
2
119 219
70
56 279
31
109 291
47
183 240
63
28 217
14
120 300
15
309 236
8
190 364
76
272 25
66
27 257
70
19 253
14
155 34
86
241 37
45
247 117
75
306 166
16
327 225
8
280 150
91
32 48
12
346 95
28
222 288
51
271 101
6
129 17
10
323 111
78
368 119
51
231 293
67
264 61
74
174 253
8
217 331
86
158 16
66
237 309
12
274 227
18
241 279
43
108 15
57
221 77
25
298 31
58
324 169
85
95 346
94
121 255
77
53 120
7
44 151
35
130 340
6
265 119
70
3 119
26
381 330
9
275 169
73
112 291
39
346 229
43
163 373
2
201 256
100
300 198
28
373 331
8
282 329
48
356 278
5
289 188
91
78 270
69
98 248
65
104 179
81
124 157
34
170 124
22
9 27
21
130 173
62
358 180
31
324 38
88
254 388
1
290 45
55
300 355
6
364 110
5
264 172
87
51 28
25
43 24
46
139 257
47
267 34
82
346 327
38
259 215
21
76 322
24
292 212
23
58 45
48
390 369
34
277 83
78
337 134
66
369 166
87
273 378
78
385 290
36
257 110
63
199 285
38
10 269
25
240 57
7
192 17
23
104 133
75
216 374
62
62 316
27
120 257
62
242 103
16
341 225
52
375 138
14
346 340
40
184 278
86
30 183
1
90 234
68
88 310
75
176 14
83
374 258
99
38 80
9
163 340
39
338 192
19
183 318
66
6 276
8
368 220
30
346 52
56
103 65
98
189 68
88
147 251
79
100 176
1
360 215
60
306 244
75
189 333
3
351 23
70
285 77
9
278 38
4
223 102
31
196 85
89
321 265
34
379 206
83
245 126
31
190 190
48
341 359
9
368 233
5
51 260
54
72 54
13
304 68
17
12 305
86
381 251
23
308 38
39
152 199
28
338 326
72
339 254
60
219 109
82
2 340
73
251 178
57
394 226
87
227 49
23
22 354
32
171 154
16
91 45
8
290 254
20
8 276
91
8 47
63
133 307
72
320 133
78
91 310
47
42 305
94
163 186
28
320 398
97
167 305
64
366 285
93
84 307
52
236 255
48
34 306
40
5 13
24
372 301
1
389 390
29
268 243
92
79 84
11
236 376
17
343 359
82
202 383
65
263 21
52
168 12
19
228 148
52
93 103
25
386 356
90
164 392
47
319 37
29
150 85
69
169 98
24
270 1
95
196 88
34
162 324
25
34 175
33
280 316
53
238 319
79
366 10
67
152 395
65
164 140
66
343 228
98
359 352
16
263 384
7
228 17
50
254 155
5
399 393
65
324 250
86
312 96
57
155 69
64
126 234
47
18 143
66
311 316
19
210 84
24
314 321
8
370 222
50
187 366
34
334 156
16
233 253
84
170 313
24
271 365
92
347 360
41
79 51
40
86 175
81
97 184
22
127 63
16
286 236
94
133 143
49
66 53
34
125 139
96
250 399
21
392 223
69
242 315
25
196 19
38
145 382
8
320 234
38
65 273
34
360 41
50
132 299
74
76 367
55
251 256
21
323 244
93
116 31
1
65 394
10
335 218
79
270 354
7
195 360
95
1 229
2
282 328
22
48 161
11
361 392
8
193 399
48
31 337
35
212 269
12
223 278
78
303 158
59
148 104
78
271 211
1
216 275
33
344 195
99
22 144
64
331 341
17
124 277
94
325 38
41
38 390
90
34 11
93
19 111
96
12 72
3
397 179
58
358 71
18
244 49
9
81 171
33
330 9
11
329 44
26
235 0
45
322 5
98
360 260
22
329 129
57
85 177
41
190 379
30
298 141
97
189 234
44
35 176
97
309 336
53
315 230
14
133 339
10
371 18
20
18 388
8
100 198
27
267 46
44
167 108
70
352 233
95
72 99
22
225 49
75
171 78
9
234 134
59
190 356
25
83 1
17
383 378
7
206 336
96
255 49
15
160 40
36
85 275
32
380 229
16
117 264
86
135 132
18
127 128
14
59 259
98
35 310
87
237 36
34
129 94
86
354 212
55
353 67
24
337 388
33
148 372
100
51 30
90
211 19
79
330 385
32
384 176
59
355 149
86
232 307
2
264 259
50
161 283
11
240 167
86
254 367
44
37 369
25
13 161
19
233 164
92
189 237
49
19 320
90
367 100
46
332 142
48
225 16
19
304 309
3
274 317
58
253 114
73
205 303
93
170 345
36
183 284
62
369 145
68
312 56
64
313 21
82
67 374
44
172 390
56
293 271
11
126 14
48
297 198
27
248 385
30
61 150
27
315 66
8
83 354
95
204 235
31
16 300
87
217 290
84
49 297
73
242 203
1
27 49
10
223 369
81
330 352
95
162 359
61
75 62
98
301 145
11
206 136
90
286 16
97
57 193
7
98 194
95
149 276
86
2 77
51
46 40
31
138 123
33
243 139
24
267 389
41
75 39
92
30 296
31
350 14
53
360 207
59
16 254
79
171 48
72
205 306
11
158 194
86
50 252
67
288 160
81
273 180
55
332 86
54
178 28
97
263 252
39
94 294
62
377 237
59
169 208
9
197 41
25
249 88
13
280 341
38
226 370
3
223 215
29
264 216
93
337 57
24
242 85
11
184 80
48
144 7
40
357 151
23
1 107
26
341 292
43
261 183
6
153 92
26
86 331
71
367 201
90
133 34
26
313 230
3
149 387
33
216 297
60
259 115
92
135 308
63
127 75
29
254 36
68
210 338
71
264 229
39
89 48
97
129 41
46
100 243
12
172 82
3
97 317
23
170 158
82
393 352
36
266 131
9
142 361
43
229 329
87
269 136
10
67 187
53
395 132
8
205 237
3
135 321
29
2 57
78
259 393
24
85 91
76
304 135
78
96 106
99
349 286
74
142 73
61
179 220
2
382 54
22
252 353
94
258 284
38
165 56
26
343 99
94
73 238
8
314 264
19
133 109
7
21 313
56
251 101
62
22 12
92
342 139
52
225 228
45
272 160
24
256 215
76
160 327
32
154 204
14
233 88
52
123 216
53
35 103
43
4 381
77
341 151
64
340 42
71
327 108
69
202 342
86
324 39
43
235 110
69
165 311
58
280 298
2
247 350
72
6 58
98
159 8
94
391 394
14
29 307
81
155 123
38
200 274
88
380 241
14
345 134
52
212 248
32
130 66
64
377 86
18
367 387
87
253 136
36
16 80
90
256 290
78
397 37
74
175 73
74
347 185
2
106 238
35
207 290
94
35 299
22
283 141
92
205 338
81
68 332
44
9 54
62
112 295
63
232 211
76
190 214
39
390 239
81
209 84
3
60 104
70
272 140
37
302 131
88
170 357
84
296 353
79
309 292
19
148 109
30
7 70
69
349 99
32
155 355
37
200 277
61
252 287
85
58 193
89
244 283
17
21 391
97
136 112
79
367 390
1
380 329
53
291 251
74
264 117
13
384 70
89
140 347
75
33 221
96
118 179
84
246 221
61
313 131
88
103 321
31
155 368
38
351 14
67
336 114
20
72 333
47
22 103
13
337 115
60
67 111
78
70 116
60
236 148
4
128 206
98
248 122
53
139 215
6
250 348
54
9 371
61
43 247
88
62 382
1
236 40
67
308 294
45
254 323
51
26 50
86
354 181
29
371 350
3
317 379
1
381 134
39
125 65
1
4 4
6
157 17
55
139 228
11
240 280
56
324 130
26
102 166
67
207 368
36
359 353
20
140 49
76
349 43
51
171 302
71
298 77
92
216 44
52
374 252
27
372 328
18
347 155
38
124 226
27
111 107
9
252 2
90
296 45
43
341 196
67
59 218
76
272 362
41
287 225
20
207 116
10
334 157
56
259 163
46
230 365
44
183 253
52
356 324
14
97 329
95
118 123
28
385 238
96
50 254
45
124 203
6
26 305
24
88 137
90
48 64
40
242 195
85
10 217
37
397 334
19
237 116
91
290 91
79
194 154
60
72 277
21
386 324
38
44 66
17
204 204
73
124 95
13
270 149
36
397 190
7
1 253
28
54 116
68
381 245
54
193 194
91
390 330
7
282 388
62
225 119
6
102 277
46
103 13
44
114 22
34
91 304
63
57 162
19
218 79
18
143 314
72
332 101
79
284 61
68
40 338
28
127 77
48
70 217
43
317 94
60
246 299
64
4 357
89
51 352
78
212 306
34
364 254
27
95 395
72
187 249
18
399 397
12
397 324
35
317 215
69
70 194
50
96 252
74
213 99
4
258 250
80
383 281
32
250 17
21
190 115
65
238 48
68
246 397
74
52 266
20
86 179
87
179 78
63
105 49
43
162 174
55
319 237
14
145 121
48
293 364
41
235 14
12
382 33
41
352 270
68
113 290
4
228 240
57
141 92
9
313 55
45
364 100
65
262 89
52
106 250
30
99 211
72
25 33
45
20 67
84
65 218
25
325 294
60
171 236
17
397 170
87
242 296
33
160 77
66
286 302
79
97 286
16
189 369
56
164 196
37
143 173
71
107 336
59
153 303
26
162 43
86
326 231
55
334 6
55
292 9
35
196 157
63
262 102
4
74 51
56
126 61
20
385 172
97
343 32
17
158 395
10
48 34
3
137 228
89
177 264
78
350 192
82
181 383
1
315 234
82
321 314
75
327 208
14
312 345
21
145 317
36
224 232
42
77 182
67
262 344
46
27 361
48
20 322
57
355 163
30
6 158
51
386 379
26
203 294
25
225 53
13
154 29
50
361 62
50
68 334
80
384 82
53
64 220
9
259 87
73
271 290
78
291 119
56
268 135
48
66 37
48
75 351
41
27 194
74
202 46
19
298 279
49
96 330
21
229 265
95
273 371
98
52 223
70
258 328
64
77 316
36
189 228
20
66 14
60
4 39
14
211 252
52
23 52
4
190 49
40
120 250
70
260 144
90
321 160
100
5 3
42
64 89
65
84 333
43
266 44
46
390 339
30
62 165
83
25 363
92
148 88
68
83 224
12
55 125
27
142 130
31
314 236
73
60 240
82
88 159
76
208 75
18
198 290
46
373 291
91
240 27
29
322 362
10
115 112
35
173 382
1
213 46
90
82 380
90
347 46
68
305 129
10
249 377
35
263 132
21
288 305
6
227 209
87
398 356
97
317 368
60
258 53
14
295 200
74
81 11
21
281 36
41
181 98
25
152 300
26
125 319
84
30 310
36
204 203
67
229 147
10
348 67
28
279 233
29
354 147
22
46 31
33
33 357
33
204 324
14
71 325
17
245 132
100
355 349
13
255 33
61
267 7
58
319 17
56
304 303
18
57 17
45
276 241
78
132 47
94
312 243
16
325 362
100
344 375
18
143 205
28
60 207
34
209 272
7
167 311
96
140 28
37
285 37
42
369 116
99
146 224
85
45 321
24
219 357
96
151 302
56
131 244
24
105 192
65
223 327
87
299 57
93
290 237
30
67 345
99
103 2
15
227 297
33
208 55
48
251 282
58
124 61
13
193 160
100
225 229
10
31 98
91
21 350
52
390 296
81
51 76
25
290 129
95
66 92
96
353 5
31
262 3
3
30 254
27
43 373
70
171 379
64
56 163
44
371 175
28
377 218
37
103 15
22
41 40
88
320 129
45
58 358
88
158 296
12
145 97
23
142 208
96
160 256
42
214 376
1
118 259
25
379 300
47
307 131
42
118 115
14
162 307
75
66 190
22
224 398
79
265 399
36
394 55
43
347 209
12
257 315
87
301 358
3
259 361
34
263 331
100
294 89
55
56 117
89
181 297
84
195 88
4
26 395
14
270 383
20
6 193
12
25 143
40
233 321
50
56 130
9
116 181
100
300 118
2
32 187
75
252 190
67
345 354
81
243 77
60
335 345
79
352 105
5
237 304
72
337 391
3
358 185
30
223 140
16
94 255
22
66 193
2
235 114
45
320 338
88
108 275
30
235 379
25
202 202
90
153 282
32
368 356
87
398 378
58
245 285
99
350 338
94
73 29
53
193 94
42
353 83
97
398 234
99
17 134
8
330 365
62
388 77
41
192 251
45
324 321
42
111 177
74
217 195
59
243 67
51
156 184
21
25 375
17
349 90
59
119 302
4
272 252
67
223 359
61
384 313
76
364 69
31
42 55
92
176 55
57
378 269
96
88 207
18
362 181
85
178 329
78
17 3
2
304 96
95
370 270
96
153 272
19
335 312
97
18 227
19
268 258
59
272 265
14
233 157
68
239 51
66
250 326
11
358 188
50
163 178
20
188 271
15
19 313
18
53 226
98
239 316
55
197 319
56
235 202
64
360 233
18
105 129
27
17 281
54
4 162
79
222 384
57
20 26
59
5 126
81
305 275
76
325 253
41
399 202
65
209 307
43
160 36
42
99 26
35
178 319
64
278 177
37
236 260
90
211 87
11
105 371
77
11 34
2
91 63
58
128 210
82
388 286
59
174 97
46
17 379
47
286 9
41
291 353
65
331 389
16
310 366
47
56 41
64
324 121
50
252 281
18
144 190
24
200 91
12
290 393
2
81 399
50
288 320
78
283 354
79
209 176
76
283 125
58
360 79
89
218 224
82
337 361
33
150 126
19
55 117
16
303 39
55
137 272
63
203 217
79
369 249
15
66 248
94
12 277
56
397 204
43
166 191
51
365 27
29
4 250
79
217 394
8
311 321
91
242 307
38
262 136
93
171 283
48
209 395
50
364 3
8
293 388
10
27 9
7
53 147
30
393 332
28
252 356
62
308 373
86
244 388
44
392 372
26
304 30
44
12 267
63
131 187
27
262 378
22
283 92
39
400
4
81
10
192
32
245
92
394
72
