200 200
400
72 146
87
47 71
77
90 51
64
65 116
83
109 150
74
111 101
71
148 150
7
189 29
71
187 105
43
79 172
17
3 15
27
86 31
19
178 141
29
196 37
48
10 175
94
17 71
31
47 84
61
83 25
87
192 179
25
199 65
73
59 189
78
81 100
80
23 86
78
60 135
17
48 179
55
59 27
9
187 194
61
181 34
41
189 136
30
115 196
7
71 37
59
91 15
28
157 198
76
7 110
7
70 157
11
116 35
56
81 86
21
55 186
35
95 88
22
85 65
100
24 64
4
53 109
72
99 76
70
104 191
1
190 105
5
194 66
88
199 190
44
17 61
95
105 12
77
90 121
5
10 12
94
7 123
57
146 147
34
95 74
73
169 41
71
106 101
70
55 28
92
105 142
52
172 55
60
100 36
97
120 139
82
20 48
76
51 35
5
112 140
43
2 30
27
91 117
76
120 13
84
181 10
26
45 104
92
15 72
41
51 165
70
62 22
66
118 173
37
137 43
37
39 47
62
47 149
53
6 117
25
13 31
47
21 133
56
84 82
48
81 156
11
116 132
97
13 143
71
129 107
17
19 55
9
89 141
75
0 51
62
65 171
2
185 105
79
153 171
66
21 110
44
145 154
76
170 98
89
10 118
6
33 120
87
19 194
73
31 159
60
20 159
29
130 138
88
12 164
75
86 113
28
175 60
68
141 67
80
29 100
39
106 54
30
159 66
98
53 66
15
69 10
23
103 161
25
182 76
69
128 105
58
149 137
47
139 114
40
11 194
45
137 181
23
81 11
79
107 149
32
96 158
52
144 67
57
102 61
9
109 195
67
102 70
52
159 70
95
19 148
1
161 12
17
171 53
100
184 90
23
31 158
52
170 173
18
4 159
58
55 106
10
104 8
86
187 24
23
125 40
4
171 156
89
134 116
87
193 76
89
60 50
72
126 4
75
23 28
70
60 77
37
133 147
49
151 195
10
199 92
54
125 152
76
119 1
77
153 3
77
194 13
44
122 146
66
103 142
50
128 86
20
178 163
44
26 47
50
0 4
59
1 121
89
196 77
60
110 46
28
1 139
84
82 73
9
68 147
87
11 40
45
106 12
53
167 37
59
176 104
40
183 161
54
179 109
33
85 74
22
2 67
95
145 143
28
66 88
67
26 42
31
138 131
36
186 180
90
67 89
18
107 125
45
24 118
33
20 4
86
148 171
74
177 67
18
144 128
76
105 66
23
116 66
52
53 46
17
164 133
42
157 94
91
30 151
57
109 72
44
38 30
98
84 155
6
119 103
65
7 136
82
159 32
17
93 59
58
22 26
43
180 91
14
89 43
41
113 10
87
129 27
66
6 176
42
181 37
98
4 112
60
106 150
62
171 118
50
87 155
21
165 65
22
140 139
87
109 179
18
161 189
24
108 61
30
178 125
7
62 197
36
146 38
77
16 99
7
56 135
3
1 110
72
111 80
35
139 160
27
86 172
12
69 101
40
161 175
61
158 48
58
124 55
56
108 47
17
119 196
70
137 92
78
101 169
54
40 159
72
40 177
34
106 122
23
135 14
63
58 78
35
130 192
46
61 101
61
142 184
30
106 99
29
116 140
29
72 115
6
54 174
88
191 161
48
39 185
43
183 68
33
180 170
97
20 199
64
126 180
79
115 40
17
163 126
86
79 114
81
78 158
70
88 190
13
1 194
24
63 133
85
114 80
50
169 16
72
63 142
4
126 63
69
116 126
98
112 183
62
46 67
10
81 195
35
69 77
40
130 182
46
33 11
57
73 47
19
10 18
80
70 158
80
97 13
92
12 73
68
99 50
66
50 194
42
176 181
29
170 110
84
64 101
46
194 40
86
118 81
44
147 126
99
31 189
89
168 176
62
184 148
42
125 71
85
74 7
63
174 103
89
91 96
78
194 170
90
149 28
10
92 150
85
168 41
95
41 86
10
111 172
6
175 175
75
35 33
98
10 107
18
41 122
24
24 51
47
46 57
66
22 99
95
121 69
50
40 4
63
27 61
94
53 199
60
185 80
80
165 129
95
65 191
69
95 52
51
17 151
49
103 65
84
163 43
98
124 124
32
62 149
46
171 65
13
66 128
61
32 135
5
172 127
80
133 56
68
4 180
40
64 194
31
4 189
7
93 1
20
168 4
52
118 183
39
174 84
15
0 57
74
65 177
96
12 40
54
178 72
35
64 59
77
175 183
47
88 35
87
36 6
77
8 173
21
68 47
84
192 110
16
14 94
54
159 180
69
62 0
90
162 87
84
28 105
30
70 120
71
20 12
99
165 101
55
175 142
44
185 97
92
73 112
4
152 185
55
45 68
65
69 7
72
132 45
54
168 138
53
53 184
35
137 16
67
134 118
46
31 7
64
165 96
64
20 25
65
5 125
69
75 68
62
84 46
100
147 47
49
107 20
14
53 49
30
189 71
55
58 2
51
38 33
67
130 107
72
78 78
60
4 138
10
133 32
60
164 10
27
72 174
5
1 132
51
136 195
91
38 136
96
129 156
32
175 141
73
59 186
62
144 135
40
104 99
92
152 148
73
45 22
84
88 2
95
34 40
21
74 94
40
163 41
2
74 103
7
102 183
32
89 82
77
87 149
61
162 63
95
133 27
65
116 194
31
42 16
20
178 187
11
83 26
44
37 157
53
154 86
63
194 122
71
20 6
50
126 5
100
170 48
4
185 158
23
193 189
44
200
2
0
81
42
72
