200 200
4000
52 159
93
167 146
65
32 101
14
4 119
91
158 177
62
24 97
20
116 180
72
83 3
88
41 186
27
182 125
35
88 118
75
153 98
40
151 137
17
112 66
100
3 159
57
137 10
55
183 126
88
95 13
59
7 129
64
121 151
50
140 164
11
67 180
71
25 34
26
79 154
64
193 139
29
71 150
51
191 66
77
91 128
7
110 141
70
156 108
22
190 21
25
108 68
95
8 130
82
54 97
25
127 81
77
114 111
29
106 107
92
11 135
38
166 158
82
71 186
42
151 29
1
16 70
25
36 48
1
136 135
80
142 66
33
7 21
72
99 104
8
18 30
29
44 168
47
5 60
69
125 13
38
37 129
67
56 142
77
17 71
28
109 154
86
28 80
64
120 163
6
92 101
17
37 165
74
78 166
75
25 11
73
186 28
41
90 140
44
10 31
68
69 117
69
168 59
72
181 178
63
153 196
33
19 116
22
148 1
43
25 47
24
125 134
26
187 109
97
86 26
90
145 112
17
78 22
28
51 68
88
91 141
3
82 172
77
150 47
1
96 76
43
155 162
45
132 29
11
45 110
53
70 54
18
111 55
2
170 141
74
35 96
89
76 97
34
163 102
41
196 50
95
110 10
50
188 195
77
194 89
33
100 82
62
60 9
64
38 107
84
104 52
42
77 98
89
49 116
52
109 167
65
89 152
70
115 61
100
169 181
88
61 90
74
96 197
13
183 116
72
141 119
85
93 42
43
152 128
81
159 24
23
17 169
94
9 165
28
48 156
23
168 72
86
169 37
38
154 174
75
107 62
82
13 55
23
118 71
22
64 100
5
84 115
45
124 151
82
43 77
97
1 80
71
48 12
71
107 98
34
154 30
24
39 192
100
173 43
74
159 145
45
6 15
51
31 188
45
111 68
3
191 177
14
58 62
21
104 29
46
109 144
35
149 180
21
183 93
20
29 35
9
14 135
64
7 96
59
155 31
64
13 176
1
145 66
67
191 33
57
16 181
25
136 17
97
109 0
15
7 132
13
0 93
29
172 199
73
147 26
25
100 180
79
111 189
75
51 58
12
77 196
18
97 25
78
89 21
63
150 37
2
36 15
9
55 28
38
155 152
41
160 81
44
87 97
19
187 184
38
33 126
32
106 110
1
154 7
38
25 122
69
5 27
82
65 78
77
62 189
79
29 12
29
175 66
21
21 8
9
100 72
22
146 39
58
6 28
60
152 82
5
90 107
33
124 20
23
35 171
60
189 0
48
81 58
16
107 196
75
162 132
65
187 76
35
18 118
96
59 156
93
193 119
99
70 165
72
30 92
91
43 31
10
40 142
74
100 193
31
92 189
5
167 103
29
32 58
99
119 26
53
23 89
49
16 50
23
115 172
33
56 86
98
9 11
13
136 115
51
183 47
77
25 135
18
66 136
3
100 49
54
199 171
50
31 178
86
149 170
15
150 135
41
129 112
100
21 21
89
27 64
22
4 197
82
79 111
77
152 95
75
30 69
67
31 34
11
88 196
84
48 123
34
149 26
48
128 3
86
194 177
14
0 83
5
161 0
25
106 64
57
112 144
99
17 172
67
131 157
55
138 53
44
143 131
44
61 178
4
195 178
65
41 120
69
162 1
44
39 159
72
145 177
83
56 99
5
171 86
26
3 93
97
62 179
75
163 82
86
28 37
40
194 69
53
151 107
41
152 72
4
125 55
46
198 39
32
130 170
78
110 75
19
142 144
27
1 168
35
157 7
6
181 135
96
114 45
80
18 108
49
174 96
44
179 62
51
160 12
67
65 189
91
185 105
10
186 70
72
191 36
33
63 116
13
61 155
18
21 119
66
80 168
76
194 190
58
142 0
11
60 110
42
176 142
31
40 132
67
59 2
12
198 160
1
178 102
81
65 45
60
164 167
75
116 127
99
117 92
4
102 192
7
22 83
45
54 152
89
127 136
38
14 79
57
147 114
45
183 37
63
154 10
63
180 148
7
128 101
31
85 139
69
86 104
7
148 79
1
32 133
96
191 157
71
78 100
81
138 151
8
98 78
4
168 173
85
96 154
90
169 138
55
1 145
7
47 112
86
7 76
84
54 8
22
67 127
2
176 34
41
18 85
87
179 39
92
24 165
19
199 17
39
30 59
7
71 97
62
131 111
67
164 59
72
91 75
82
177 78
82
29 100
49
129 187
51
194 167
84
155 96
74
87 41
49
46 189
59
12 47
86
98 199
44
159 66
7
35 30
36
176 155
43
80 181
61
96 46
16
1 37
12
128 78
98
93 120
88
140 52
74
86 81
58
164 180
41
137 163
77
51 123
91
89 86
53
50 15
82
109 101
26
22 96
61
183 50
59
61 24
9
80 37
41
81 2
51
19 27
19
23 177
24
39 5
25
50 51
65
76 152
67
142 134
90
47 125
40
134 130
42
85 8
81
111 146
56
166 82
4
72 38
83
29 113
19
189 65
67
15 178
44
135 94
54
136 59
33
149 29
1
88 19
80
187 141
17
34 48
48
104 143
41
91 173
17
116 117
67
182 62
98
54 142
22
168 127
72
183 27
79
114 156
18
66 116
77
186 181
78
112 3
77
35 128
45
110 42
92
15 70
76
61 37
49
154 85
88
114 12
1
139 185
24
193 76
70
199 7
5
31 14
86
186 37
80
191 3
30
14 190
30
103 39
58
95 35
6
155 86
17
107 9
9
144 156
25
50 149
65
101 194
2
163 26
22
68 17
69
188 119
72
125 179
76
141 7
46
11 157
4
151 51
100
156 166
88
15 47
15
114 169
49
160 136
39
47 79
92
141 43
43
132 74
54
4 154
45
78 103
68
59 90
2
64 168
93
172 110
54
30 26
61
193 53
61
90 77
30
9 89
20
68 138
90
142 124
93
28 102
18
8 44
50
94 47
48
95 12
33
122 29
25
140 163
6
20 18
71
146 94
5
52 50
44
4 10
35
198 104
37
163 183
19
84 39
56
170 42
81
80 148
83
182 16
19
26 177
100
27 142
18
41 77
32
18 173
93
179 127
32
180 92
60
125 156
65
110 176
83
138 95
9
82 194
98
163 39
36
62 136
55
109 68
17
68 30
13
80 4
92
26 33
66
141 20
6
52 171
41
138 131
49
184 98
84
130 127
61
108 188
40
96 134
69
28 79
24
55 96
80
181 92
18
139 175
91
119 117
93
57 142
94
157 0
12
15 145
52
176 99
66
87 21
11
33 50
85
179 104
38
39 93
25
105 75
80
42 135
72
136 62
31
0 138
52
125 169
8
113 15
2
112 199
63
79 22
59
152 6
89
70 53
50
102 5
19
88 107
44
181 69
36
18 42
77
72 162
67
79 58
86
166 26
86
171 141
42
91 32
71
143 42
59
134 110
55
94 37
36
121 140
32
92 113
73
152 127
12
186 40
22
49 151
80
69 129
77
2 39
79
116 61
63
47 190
50
136 39
79
26 167
90
73 99
3
93 77
79
139 44
100
165 182
53
12 89
87
145 124
59
78 34
28
91 153
19
123 185
7
83 149
61
150 59
84
160 103
11
161 68
16
13 90
5
126 110
56
133 6
62
152 19
26
105 173
56
23 134
5
124 186
63
70 66
56
131 45
69
96 124
12
136 160
16
8 11
63
153 100
25
0 7
10
119 107
91
6 50
87
158 35
71
76 145
66
163 150
2
123 77
88
105 29
83
109 179
43
80 115
87
161 189
2
187 98
43
93 54
4
198 107
38
70 187
1
105 65
22
196 183
55
2 52
47
82 161
82
157 75
91
54 99
94
95 100
27
0 128
82
154 186
77
6 171
64
67 38
29
181 23
80
172 54
83
186 138
84
4 98
13
158 156
24
32 80
9
86 51
86
116 159
35
87 132
9
99 106
65
85 171
81
37 131
100
151 116
1
116 195
31
91 22
82
58 74
24
149 192
3
120 165
29
114 5
83
140 143
58
147 2
83
152 117
91
112 81
26
105 42
73
115 86
78
42 102
71
134 185
97
54 76
67
74 54
63
92 188
76
125 136
85
86 28
62
145 114
15
192 46
24
197 124
54
150 49
20
155 164
97
101 7
13
1 69
32
126 100
35
64 125
26
10 154
78
111 57
91
17 50
15
117 137
83
135 185
94
102 8
76
21 20
69
40 33
2
85 184
33
60 11
69
32 178
11
78 145
68
97 158
76
98 123
70
144 90
76
158 25
23
186 7
90
43 187
23
138 196
46
115 63
8
189 12
56
108 24
22
181 157
63
73 66
55
133 117
31
25 26
10
11 91
4
144 126
57
37 0
1
138 52
81
130 48
29
87 86
17
67 28
28
153 31
8
59 24
14
119 38
59
164 189
66
143 166
47
171 85
92
22 105
16
88 87
40
162 36
64
194 68
54
180 170
14
99 96
28
85 161
62
86 126
97
191 179
25
192 144
20
112 35
28
82 44
36
63 30
89
76 112
42
9 59
7
68 108
76
109 146
45
143 22
51
7 98
50
27 76
51
33 7
78
73 43
94
19 72
91
44 16
18
70 154
59
97 171
38
89 167
60
30 81
28
91 97
86
51 24
19
110 110
91
28 157
11
162 157
62
94 102
87
66 40
23
31 82
30
9 180
48
123 165
51
75 125
37
36 17
52
40 167
30
28 13
55
172 57
31
159 124
41
119 51
17
45 102
18
37 98
23
137 185
80
58 41
48
117 127
22
77 54
3
76 89
97
168 172
55
128 136
20
148 114
23
20 194
4
81 24
2
40 23
30
126 175
51
132 106
45
192 157
87
43 177
81
144 80
79
90 109
10
35 173
35
36 138
52
150 160
61
42 69
62
102 83
85
107 198
41
99 194
34
25 16
80
11 81
13
12 46
68
70 167
89
83 106
32
28 170
69
84 71
67
143 120
61
89 0
32
96 45
72
160 60
99
60 122
27
153 21
65
133 192
9
118 63
83
119 28
23
17 17
8
116 139
58
36 30
46
9 13
62
135 152
44
81 181
89
183 49
35
168 149
35
47 39
64
182 84
7
120 109
90
194 58
99
25 137
50
139 122
73
165 31
44
6 7
65
137 198
78
198 28
66
131 38
65
115 30
13
15 92
50
96 166
29
161 146
100
127 4
38
0 49
37
173 120
15
71 109
91
51 14
29
102 96
9
103 61
47
149 28
63
134 165
53
74 34
8
100 172
97
5 163
41
12 59
40
52 95
7
172 11
49
72 73
69
58 175
58
159 78
87
178 91
66
104 142
79
10 98
27
197 104
48
189 100
42
96 58
73
182 61
87
188 141
21
99 63
50
119 41
76
191 146
99
10 134
18
22 108
13
129 91
24
74 155
30
160 158
15
107 152
94
67 116
55
187 32
27
39 17
97
50 63
78
150 150
13
62 37
45
166 94
53
71 122
64
13 1
6
186 72
50
31 49
4
112 123
2
24 10
81
123 132
74
177 103
53
167 59
53
115 128
67
35 19
18
175 179
25
135 106
9
194 192
100
189 77
21
87 66
83
7 186
68
25 91
61
139 76
26
44 104
40
118 53
23
137 152
84
117 94
74
68 52
21
94 190
9
114 168
58
19 196
42
26 55
66
18 51
79
151 86
43
152 51
42
97 115
5
184 120
54
157 166
73
84 182
85
178 189
79
192 124
60
190 163
68
196 94
34
96 156
76
69 53
13
87 187
25
103 195
72
81 27
43
1 147
39
4 189
58
174 75
38
70 134
96
37 186
21
16 163
14
191 15
2
186 49
66
190 199
5
9 124
87
83 73
62
31 26
21
82 108
18
43 0
10
129 189
84
175 156
35
194 169
25
121 185
27
140 198
12
26 176
40
100 162
36
92 158
83
112 136
13
44 81
84
58 165
49
105 97
21
56 55
22
143 123
66
42 157
24
61 170
99
62 135
37
136 84
47
69 174
30
88 44
41
115 18
38
34 73
89
133 195
58
39 151
99
78 79
88
51 125
55
57 56
76
23 143
78
58 21
65
96 133
5
169 117
16
66 141
48
33 193
78
73 0
58
19 29
54
133 51
100
193 65
5
130 162
9
190 176
99
196 107
44
8 56
41
94 59
78
148 179
19
54 23
8
74 1
49
146 106
28
60 66
78
132 171
25
52 62
70
131 126
72
105 74
67
50 138
36
68 186
27
124 87
62
10 65
62
127 92
44
141 176
100
88 21
39
187 143
69
194 2
72
11 146
64
118 43
84
71 197
45
65 37
6
63 193
23
91 175
8
57 33
71
97 69
91
156 155
6
3 62
48
108 115
10
0 173
86
19 186
17
161 90
83
85 131
92
167 170
49
144 37
52
50 30
39
91 31
61
150 117
74
134 109
26
54 0
97
59 115
94
139 187
32
114 14
63
60 43
50
167 26
46
158 57
57
197 48
91
190 9
85
6 108
46
132 184
40
133 149
32
44 71
35
145 123
59
164 136
35
170 67
8
57 10
49
42 147
69
157 97
77
49 6
54
116 96
13
81 138
95
94 157
2
54 121
63
19 163
66
39 141
83
185 195
52
32 102
86
132 40
92
51 115
18
98 47
93
189 165
92
95 158
87
153 99
25
181 81
89
72 174
24
19 19
49
79 70
18
64 170
38
111 102
68
145 15
72
90 79
32
29 69
38
14 169
3
129 156
33
34 184
59
148 169
34
155 65
47
5 120
64
6 85
87
72 30
77
158 70
78
104 99
84
123 112
18
143 90
22
147 60
4
74 76
81
53 53
72
25 71
60
165 194
10
45 49
74
71 187
22
66 72
40
38 10
95
97 59
90
102 174
99
94 170
20
155 186
52
174 199
92
33 160
5
7 22
21
67 73
61
66 108
91
79 47
10
184 100
48
71 43
8
170 165
21
171 130
74
164 5
16
9 68
59
136 172
70
48 59
84
74 197
94
140 142
34
173 90
22
5 97
51
11 28
83
46 135
63
192 189
30
167 16
47
171 166
54
159 12
81
6 62
93
178 25
18
115 85
50
129 169
48
21 78
77
135 63
85
95 27
18
181 179
49
73 88
62
118 10
54
31 91
25
105 77
91
10 68
77
56 35
60
91 142
51
83 138
41
3 29
90
157 87
69
22 42
8
109 47
76
149 83
8
8 144
98
171 22
98
85 98
30
83 174
53
98 37
68
16 84
65
130 106
93
35 97
82
169 97
70
41 177
14
48 36
38
99 118
68
173 67
35
46 112
100
56 156
78
57 121
14
123 66
20
75 26
19
169 182
56
21 55
45
148 159
24
151 164
46
198 96
64
97 193
97
104 89
27
145 90
66
115 98
57
2 41
61
101 163
62
62 92
65
61 127
2
109 24
53
179 119
100
66 62
57
140 11
87
46 4
15
132 7
92
71 177
67
192 58
85
177 158
29
86 40
52
29 180
26
103 129
59
48 193
12
142 57
100
160 105
9
1 81
14
6 196
19
166 185
56
107 99
39
174 9
22
119 73
28
159 146
100
116 184
66
110 24
34
182 129
77
74 187
14
80 81
56
41 10
4
152 106
67
69 108
25
115 75
63
150 182
73
87 13
72
113 151
2
141 133
17
27 111
79
33 42
6
53 20
10
179 96
68
11 103
45
165 161
54
86 17
1
199 74
35
37 12
43
31 81
96
23 77
24
82 163
93
9 179
21
8 134
60
162 192
76
129 15
78
121 11
71
140 24
26
107 76
46
126 89
15
112 191
24
185 175
45
78 49
88
104 187
12
79 14
60
113 7
46
89 58
39
76 88
72
154 44
60
44 172
81
166 18
12
163 129
96
123 56
50
197 5
80
77 89
25
176 68
12
6 65
87
105 44
49
17 160
31
83 105
19
116 53
53
103 83
31
109 14
99
94 114
78
169 28
69
40 143
36
160 59
76
60 121
57
146 161
52
39 98
21
51 72
13
124 142
68
130 73
100
153 56
42
181 38
22
126 102
70
146 17
35
46 79
56
37 110
30
109 135
89
14 126
75
48 39
31
147 161
7
21 22
69
194 93
52
67 138
57
166 31
24
184 165
52
144 92
59
89 156
97
196 139
4
135 43
91
88 197
50
81 72
53
161 181
62
27 101
77
67 174
35
180 51
61
125 115
85
71 144
25
185 129
18
37 2
73
63 140
70
77 187
59
3 9
40
41 121
73
155 143
21
6 163
61
67 30
73
107 66
33
99 62
95
186 130
64
119 40
94
111 36
26
71 0
35
17 29
37
115 186
4
131 14
53
36 42
70
183 61
92
93 167
94
194 70
66
5 54
85
92 59
40
151 108
96
104 33
86
9 61
39
123 46
50
177 17
42
196 116
17
15 104
84
62 36
41
121 122
49
161 158
75
181 136
93
33 9
85
188 32
56
25 5
52
152 109
73
98 138
19
185 106
35
63 117
28
150 185
43
196 152
55
117 8
61
28 159
29
43 22
25
109 4
82
59 3
48
32 49
64
50 183
28
75 127
8
146 168
98
108 124
6
87 101
73
93 144
70
194 47
73
100 40
15
179 184
77
118 88
38
38 65
49
137 187
44
17 42
24
157 165
64
76 91
65
103 194
56
194 83
95
195 48
39
140 112
69
93 0
60
152 86
56
184 155
61
43 179
59
199 18
1
71 98
93
10 2
95
164 60
66
161 171
92
166 106
37
38 186
49
112 135
58
58 164
64
23 57
20
97 6
91
177 115
64
28 172
45
189 89
37
169 31
66
141 198
99
107 56
9
67 20
24
104 167
49
16 54
21
170 112
14
77 33
44
127 150
65
73 179
33
34 108
94
80 38
11
195 25
43
169 152
11
7 90
42
187 57
17
188 22
94
118 186
53
119 151
79
165 118
99
37 198
9
12 25
58
199 31
80
70 146
22
91 89
38
83 85
71
157 34
81
160 39
100
106 68
13
33 84
5
12 61
10
118 42
44
50 173
94
115 153
66
190 67
16
163 50
78
142 27
5
162 5
52
93 134
39
119 43
67
38 55
98
184 109
68
84 171
28
49 64
53
197 191
24
183 64
84
122 197
3
54 179
80
181 103
72
4 178
78
23 191
82
98 105
50
144 72
55
130 174
69
70 123
19
35 165
74
137 33
43
190 188
52
96 181
1
157 11
31
150 152
43
191 4
60
82 97
29
95 36
21
154 122
3
153 157
50
173 135
18
13 3
29
185 109
57
23 47
1
177 105
23
9 149
5
77 167
46
149 43
62
135 108
63
81 137
51
161 17
14
134 0
54
188 120
15
33 97
66
93 111
9
18 197
11
85 107
2
105 122
13
10 113
20
42 182
8
128 105
23
148 83
10
26 57
92
181 80
41
92 39
93
179 7
55
138 155
86
58 46
88
43 146
62
36 107
62
150 129
78
180 8
29
65 170
39
71 101
96
191 17
77
158 69
98
4 11
41
28 139
71
130 7
35
29 104
43
197 60
10
61 136
7
176 123
49
146 131
21
60 91
23
4 47
40
64 61
56
24 25
52
10 90
33
124 112
34
2 86
24
108 104
2
109 69
12
74 111
79
121 43
11
111 29
91
77 36
92
123 3
30
189 177
57
42 15
97
101 64
79
161 115
97
167 195
44
18 66
19
179 20
52
70 113
78
185 63
50
171 165
61
183 139
46
48 94
98
54 25
91
175 135
13
154 112
4
107 0
9
132 173
76
38 166
19
126 13
47
171 21
57
35 11
31
143 102
71
61 149
15
96 27
49
128 59
6
73 123
25
20 117
23
145 148
41
37 57
33
197 158
75
75 169
64
150 83
92
0 175
16
169 96
56
66 120
71
26 47
88
141 34
68
140 69
20
18 43
95
59 81
37
197 194
47
17 84
70
35 132
49
28 93
97
103 7
100
48 71
35
147 193
57
131 105
55
23 14
24
103 43
90
75 61
91
14 194
76
95 39
19
194 161
78
195 126
23
26 168
50
113 173
38
182 7
35
139 45
51
45 38
39
91 154
15
56 47
34
110 167
54
3 41
5
163 30
25
108 94
54
160 104
3
46 39
50
185 197
71
167 149
22
23 135
59
170 154
69
87 156
59
161 105
54
27 25
63
113 65
77
172 114
18
37 155
92
186 18
46
63 64
25
91 46
61
182 164
80
29 71
88
75 38
68
148 171
92
114 29
58
86 196
51
187 99
93
166 76
83
53 19
42
105 66
36
101 175
49
74 78
4
12 103
35
51 94
26
68 34
40
168 121
1
114 150
79
160 117
98
80 8
74
13 104
75
172 91
30
119 85
58
108 192
9
183 106
85
14 148
80
99 143
71
106 2
35
38 133
43
68 155
47
109 193
23
196 161
25
189 36
91
61 116
20
26 158
70
128 26
38
127 61
30
93 68
9
30 128
45
185 151
99
43 67
61
41 143
29
120 58
33
161 59
20
6 185
40
107 88
29
32 94
93
118 97
84
178 148
10
24 90
26
98 39
1
75 172
99
35 99
96
110 13
58
34 140
56
181 73
40
139 156
6
44 184
75
173 69
79
165 65
11
38 110
83
185 43
95
2 187
22
50 84
73
75 28
2
176 80
42
40 70
16
106 15
26
6 77
68
139 12
56
70 178
31
144 127
77
64 18
72
71 143
85
124 69
17
42 116
44
122 108
92
166 151
7
185 164
29
32 71
96
89 47
39
95 127
39
169 76
93
114 140
62
101 21
99
7 14
9
34 117
70
52 165
74
154 33
90
79 39
84
71 35
16
17 64
52
131 49
99
117 151
25
9 60
30
108 182
5
182 131
59
102 22
29
168 196
18
183 96
98
74 189
98
148 138
35
120 156
59
194 105
83
5 89
23
37 158
81
152 108
52
97 172
6
58 101
68
123 81
76
170 13
50
42 93
66
169 197
88
117 7
59
15 139
51
108 38
98
8 100
84
54 67
9
36 162
89
133 131
16
179 98
79
79 160
93
199 76
41
63 152
52
2 56
33
156 114
98
102 143
45
14 30
85
0 132
28
155 155
81
161 49
73
6 175
98
178 138
44
70 47
75
71 12
21
36 54
73
62 192
89
29 15
72
128 137
84
54 120
31
146 42
78
92 71
32
51 182
7
130 183
65
109 160
45
15 116
14
176 70
80
121 134
51
127 28
81
188 44
66
173 144
52
152 121
82
198 88
82
89 181
49
164 95
14
110 124
78
101 155
3
47 184
82
182 0
74
174 145
33
166 141
72
13 48
44
52 119
84
151 12
53
23 92
17
9 194
28
138 79
93
51 74
8
161 62
59
128 114
73
147 127
31
179 196
100
139 123
77
6 8
100
65 94
89
38 77
28
111 61
4
37 112
26
58 55
33
117 141
27
177 6
10
9 50
50
3 119
55
136 154
4
143 13
58
109 137
75
169 151
19
176 47
56
7 89
38
85 188
54
18 98
39
92 84
28
172 156
14
199 30
34
71 110
21
130 196
37
88 199
5
134 166
13
73 70
39
172 192
86
188 57
4
31 73
41
186 96
12
137 91
98
80 194
19
40 158
100
169 43
35
33 119
56
106 103
99
179 173
39
173 13
49
72 110
46
71 2
77
28 40
26
182 98
62
14 105
75
129 92
35
114 192
37
80 50
18
154 36
90
199 187
49
146 32
40
85 165
62
12 181
36
188 84
95
97 139
86
58 68
29
43 168
59
138 177
49
124 13
94
1 171
6
108 5
48
74 12
2
65 192
76
71 123
88
30 85
29
32 15
53
131 137
74
177 104
5
9 148
66
156 81
82
142 183
81
143 111
74
95 71
83
154 157
71
141 187
84
167 96
70
158 127
54
78 18
18
177 140
62
62 159
35
22 86
62
101 1
1
87 103
5
187 190
64
20 162
62
97 116
82
104 12
37
77 58
38
14 118
68
95 192
18
161 137
19
24 168
73
184 157
98
149 19
91
114 61
13
140 199
47
20 54
80
174 112
83
39 67
36
5 154
3
158 104
81
104 133
47
23 59
33
50 162
58
170 78
3
190 56
92
80 184
59
40 148
62
33 109
38
107 58
53
125 192
47
118 67
70
105 134
63
50 198
99
164 183
40
58 22
57
22 99
60
109 104
32
183 53
100
182 88
7
73 181
100
175 49
100
121 78
61
66 142
56
67 107
42
38 80
57
58 58
43
184 134
34
170 199
16
124 3
56
164 39
2
88 166
60
12 27
67
186 63
32
137 58
46
177 94
35
178 59
67
68 187
43
29 116
63
84 52
5
49 174
88
43 14
23
157 36
85
102 100
73
33 86
56
107 35
30
133 173
42
187 144
44
198 153
3
4 59
14
158 117
64
170 91
49
182 65
89
81 162
14
8 178
16
39 165
16
45 96
13
86 97
40
92 28
46
31 161
45
38 57
93
51 139
70
138 144
77
89 102
48
122 199
81
129 95
4
55 109
17
161 127
56
45 181
1
65 159
98
90 103
66
101 112
38
197 49
86
149 9
46
95 38
17
87 34
71
185 111
73
118 21
80
159 59
13
77 169
100
64 50
69
164 137
78
183 187
21
75 96
82
49 187
92
175 183
2
23 49
54
8 155
91
74 100
99
139 80
88
119 22
95
64 86
17
51 116
42
97 83
91
58 12
45
103 163
15
15 50
56
175 39
32
12 161
79
78 106
66
171 154
1
110 58
70
96 160
35
156 25
51
1 151
54
161 140
43
16 0
70
122 32
73
62 18
28
53 198
48
34 185
84
5 121
11
193 92
49
31 30
77
177 84
86
124 78
8
143 91
96
175 160
25
132 198
30
53 54
33
139 57
19
158 107
9
71 188
79
64 63
92
144 172
30
54 135
31
168 120
13
0 164
21
60 178
27
140 58
41
113 41
49
126 123
100
137 169
76
79 48
88
184 101
81
43 125
90
98 61
27
75 194
32
196 75
19
169 121
5
8 24
30
27 37
57
126 159
77
165 87
24
193 69
40
56 180
74
57 145
39
36 122
45
137 25
15
77 123
36
68 154
62
9 105
38
69 119
25
134 136
61
175 137
59
135 64
36
140 179
65
100 143
5
5 134
60
92 139
100
12 30
35
44 62
44
64 40
84
123 126
96
56 36
59
196 196
2
15 184
20
190 36
52
176 138
10
22 43
78
96 29
74
182 32
67
14 39
20
35 13
28
113 198
9
193 190
44
141 0
5
91 179
39
110 192
10
184 78
74
77 15
93
122 166
98
15 40
68
61 7
69
7 36
26
106 158
38
98 74
4
10 190
47
56 157
50
89 105
87
91 35
6
154 91
13
41 34
50
14 196
19
21 92
18
136 42
22
87 37
99
26 170
91
93 80
99
99 11
89
198 133
6
199 98
67
98 195
12
159 62
58
191 94
65
65 18
48
157 101
16
3 43
46
128 74
56
95 126
48
129 39
57
160 106
81
155 177
67
31 141
32
4 124
99
118 109
83
38 37
4
192 95
52
71 34
9
116 185
41
190 134
26
41 191
20
162 72
83
34 152
4
148 137
55
147 172
99
48 50
99
139 168
75
125 41
92
37 157
37
64 174
69
56 170
26
167 7
100
58 100
63
178 16
57
195 105
69
127 50
18
33 43
27
106 27
15
188 66
7
45 17
95
144 139
85
104 103
63
10 59
41
117 42
19
163 9
38
62 106
37
68 0
30
54 102
39
174 167
8
121 12
15
86 54
36
158 159
70
192 72
90
23 114
64
197 150
48
29 194
93
89 59
84
149 110
80
130 97
96
55 66
72
127 171
35
121 48
71
44 173
82
45 138
1
165 54
18
71 47
95
131 61
31
197 6
23
29 50
95
75 17
4
175 104
87
195 82
2
46 139
35
167 20
2
186 33
58
184 189
45
104 80
64
3 177
71
198 87
19
177 64
73
115 89
90
14 186
60
101 154
72
128 28
9
120 24
21
51 73
21
94 151
79
122 133
16
114 129
60
20 122
90
126 103
69
71 24
76
170 146
6
16 88
74
130 110
40
82 33
42
136 153
98
48 40
13
34 142
26
153 93
30
92 83
42
37 147
99
51 194
19
97 161
58
184 166
78
43 190
99
112 61
16
50 86
71
69 99
89
14 163
81
183 121
78
62 60
19
41 37
59
140 159
84
73 69
73
52 46
21
152 133
12
159 29
20
17 174
45
10 49
23
62 96
93
162 183
36
40 157
66
60 135
20
166 153
93
181 16
24
112 182
51
72 109
50
185 166
4
151 24
100
97 53
77
196 32
53
88 90
70
73 190
59
52 167
48
154 35
49
146 31
47
92 60
73
71 37
49
170 159
33
112 38
43
171 124
41
117 153
84
49 98
85
22 144
38
149 185
37
28 75
76
75 7
18
26 114
19
86 165
82
38 125
93
179 64
16
158 41
26
35 199
31
150 186
7
154 156
91
173 169
59
93 60
1
125 129
62
85 56
35
12 72
70
37 16
47
123 168
90
55 33
8
41 135
15
47 29
26
107 80
46
181 29
6
112 195
83
158 162
63
118 89
82
70 49
74
124 169
15
17 43
1
116 165
45
108 161
4
182 110
90
127 174
1
129 104
52
80 62
76
139 148
86
45 141
25
60 4
72
97 151
90
77 93
32
197 9
55
115 56
96
61 85
96
161 172
97
195 85
41
147 8
11
18 123
4
198 90
32
111 171
25
185 120
98
191 51
53
145 84
46
30 97
89
196 166
85
83 109
6
117 22
30
22 13
89
94 118
52
120 27
55
92 194
31
86 34
13
132 1
39
59 17
49
185 156
74
4 81
95
184 48
31
84 110
70
136 120
50
73 180
62
34 109
47
120 112
59
154 25
11
119 67
92
192 137
27
51 161
20
97 128
46
117 143
46
157 179
67
194 97
83
195 62
62
33 0
77
6 46
49
32 184
31
173 123
13
79 116
45
24 180
50
144 96
42
171 199
3
17 141
71
128 8
58
194 182
93
6 131
99
126 47
62
131 162
96
23 71
2
97 20
54
77 191
76
137 93
45
143 136
43
190 68
29
40 160
62
136 97
25
27 190
52
53 99
88
30 195
1
64 108
75
145 182
91
63 0
39
68 78
95
54 180
73
188 180
78
175 61
51
74 158
64
140 103
7
146 34
3
23 192
74
157 192
51
124 15
88
35 166
46
96 182
71
61 75
72
55 144
9
162 127
34
107 191
55
153 158
78
181 140
47
133 100
77
93 27
29
166 97
50
111 161
44
191 41
26
36 167
48
82 134
91
197 84
84
33 98
41
106 82
49
166 133
45
99 43
25
78 20
53
64 85
17
178 107
31
102 197
54
196 12
59
1 65
53
88 70
38
148 84
41
25 130
28
99 79
93
100 44
93
32 138
70
37 104
60
151 89
43
163 100
33
175 74
100
87 190
89
195 52
5
8 46
78
107 168
78
18 90
27
71 102
69
105 15
75
89 150
77
63 98
26
76 180
46
10 6
97
156 60
15
197 61
56
194 172
65
74 27
98
11 87
66
111 174
12
38 190
34
4 48
6
124 113
74
36 0
59
176 160
48
96 51
16
33 111
94
74 112
30
85 121
6
199 143
5
31 150
56
145 172
41
38 46
17
64 98
51
138 133
14
58 24
86
76 72
46
163 77
94
68 68
87
183 55
93
20 177
32
141 58
65
12 173
27
59 105
16
19 32
52
193 68
61
98 96
22
138 169
57
196 110
81
103 31
88
122 44
44
94 62
59
73 39
100
155 78
1
114 40
49
46 171
29
165 122
42
180 22
16
151 187
54
71 115
44
63 111
68
137 60
79
131 129
87
9 140
56
157 38
97
35 12
94
135 99
83
41 92
63
107 37
77
13 30
41
144 184
62
46 27
1
110 191
94
117 87
82
175 28
19
19 189
98
60 190
73
195 6
78
39 167
79
180 143
52
133 31
96
78 95
80
24 124
27
36 98
3
114 197
60
7 71
87
13 151
47
19 45
21
118 167
20
12 6
59
191 8
79
137 37
64
138 2
56
84 31
51
103 44
39
189 47
11
149 11
17
94 75
95
160 20
94
140 191
81
111 164
87
112 129
65
50 154
82
163 31
52
108 95
3
142 8
96
27 170
98
128 73
8
34 66
68
66 98
90
125 184
45
45 75
94
56 84
92
152 21
69
183 45
37
95 161
27
15 52
63
1 117
49
121 70
74
26 61
83
52 199
92
153 102
17
27 26
80
19 22
15
179 11
44
193 58
63
70 104
48
84 188
92
163 152
14
101 91
16
183 130
70
48 85
65
20 23
93
167 42
63
159 38
11
84 44
37
189 60
97
95 53
29
87 49
34
187 136
38
125 161
51
199 110
39
159 74
81
193 179
71
42 163
11
83 164
80
157 113
51
69 0
32
14 64
73
148 64
91
106 147
22
141 25
7
126 125
80
43 127
72
170 168
51
16 110
24
89 94
67
36 88
39
182 142
8
7 61
78
153 115
70
19 35
37
20 0
44
159 195
99
166 54
56
38 134
74
30 44
3
17 111
1
65 151
40
23 5
73
84 21
26
69 121
57
124 57
43
60 72
33
6 101
63
58 148
75
104 115
33
10 71
98
170 60
44
109 50
10
182 34
37
81 131
19
125 174
65
67 53
36
63 199
28
23 126
76
189 158
95
168 135
62
15 42
83
160 131
29
88 112
75
107 125
65
25 172
36
59 85
82
173 70
86
133 34
72
144 43
40
186 9
45
63 55
29
17 88
66
156 17
81
147 197
11
120 180
88
155 58
21
87 3
34
52 45
100
37 182
50
77 138
96
49 156
5
170 37
81
42 117
86
69 134
74
116 66
3
135 79
79
181 195
96
74 69
56
45 42
55
144 164
8
131 194
3
76 29
50
89 48
41
68 25
56
121 37
12
11 165
52
13 95
30
53 131
5
159 149
86
125 7
48
116 187
86
196 67
83
47 87
20
154 70
40
173 83
91
46 128
38
165 79
86
167 9
46
17 101
80
97 173
89
76 150
37
77 115
57
171 159
93
124 47
51
197 31
36
14 175
37
62 72
97
194 142
85
135 56
87
87 16
64
80 120
83
59 183
57
6 91
53
179 99
33
180 64
67
159 41
53
70 192
98
145 106
83
105 70
98
151 0
97
94 140
72
114 118
26
66 78
23
126 92
42
32 85
55
16 77
66
103 145
89
135 177
71
160 121
92
7 28
10
33 166
9
34 131
25
127 173
76
72 157
29
159 162
63
46 105
48
5 67
99
79 53
32
71 49
80
111 85
87
17 78
82
2 178
94
183 110
28
133 109
59
104 82
21
89 182
56
110 125
62
47 185
48
108 52
61
113 167
52
179 112
8
85 68
68
191 86
79
51 75
65
197 129
89
48 186
28
150 54
54
14 44
85
169 67
20
106 127
58
153 59
9
72 134
15
78 65
68
45 117
13
64 130
18
98 43
85
124 181
11
10 159
96
9 51
16
28 64
100
183 87
40
143 14
91
99 124
95
52 12
20
144 95
93
170 4
61
129 152
1
162 149
2
153 180
98
187 93
5
19 100
75
79 151
19
125 118
82
86 10
65
10 51
44
128 43
76
129 8
86
160 75
31
6 166
51
132 13
59
44 129
44
192 64
72
64 107
56
10 136
62
124 158
89
189 138
2
190 103
91
108 150
34
39 199
30
166 11
75
37 126
27
192 149
78
77 82
47
69 78
10
143 27
20
115 45
57
61 74
69
120 160
13
80 87
52
40 51
45
127 19
43
187 70
43
172 170
87
44 21
4
159 8
86
150 188
43
110 115
30
55 179
47
2 24
4
162 162
40
127 55
68
153 193
95
40 136
69
114 85
82
174 136
82
11 109
54
13 39
42
17 189
64
63 156
6
58 190
36
69 199
86
75 130
25
61 195
14
21 159
87
96 73
93
81 173
1
160 88
14
162 18
5
67 46
3
4 106
12
118 91
8
119 56
72
145 194
91
10 149
28
111 52
66
76 94
61
157 168
61
121 102
81
37 139
59
58 82
81
3 146
80
50 78
75
10 5
25
35 178
28
176 74
39
88 190
7
108 19
95
136 1
73
18 125
74
172 183
97
99 199
76
119 177
27
137 82
38
77 180
75
29 140
56
80 185
27
166 145
87
32 65
95
159 106
90
164 184
60
130 79
6
156 180
71
36 35
85
196 24
80
55 48
66
117 109
9
1 77
80
9 18
81
28 31
91
189 128
5
33 146
43
93 160
22
66 143
64
25 142
48
174 5
72
162 31
71
184 135
56
77 72
66
49 90
29
124 4
11
149 177
86
69 68
55
129 119
59
116 0
14
135 13
22
1 162
79
81 42
98
41 6
100
33 2
52
132 124
53
19 67
73
172 160
10
79 118
30
133 89
72
16 178
33
63 110
49
35 191
76
196 145
57
47 165
72
94 97
28
114 75
13
174 126
31
11 99
82
192 31
17
24 38
99
42 172
9
189 105
11
143 138
51
28 8
81
148 73
46
118 81
60
85 133
87
37 93
52
164 197
25
57 71
83
104 3
73
9 31
66
77 49
98
14 109
9
15 74
74
61 41
65
148 109
27
106 192
88
26 83
52
113 88
69
140 105
80
79 95
62
158 10
57
23 194
33
198 46
83
82 100
13
55 146
57
182 187
88
28 129
91
107 193
70
27 84
3
173 138
52
46 183
58
126 26
88
185 112
67
57 192
40
32 19
99
137 72
50
24 15
95
13 6
66
84 66
10
28 165
78
149 46
19
150 11
29
4 73
61
198 167
13
37 70
95
171 70
83
121 69
73
194 53
34
140 82
62
85 146
97
39 179
81
31 175
74
37 106
53
11 197
76
184 125
62
157 171
15
104 16
49
123 29
54
115 25
42
101 90
12
181 119
28
27 61
1
133 79
19
174 80
51
20 22
43
165 111
49
11 53
79
191 20
95
90 117
51
186 54
19
171 191
38
57 169
31
142 164
64
68 178
70
77 147
100
129 194
59
75 74
62
177 85
84
80 152
30
0 80
37
169 1
86
40 116
3
99 22
67
72 68
92
198 144
100
58 170
97
64 64
99
197 99
38
164 151
40
35 37
87
21 139
30
2 89
74
136 89
56
1 44
26
33 113
44
93 127
64
11 174
74
140 59
28
37 83
35
57 61
94
58 26
42
43 126
38
89 93
92
103 177
33
171 83
40
150 109
19
184 102
64
114 186
4
61 31
81
161 118
33
26 73
72
181 96
63
12 175
18
138 171
17
144 65
55
130 167
80
1 165
84
34 199
48
148 184
92
194 151
83
122 46
13
19 70
87
173 128
12
180 24
52
6 100
33
193 106
39
38 169
98
154 115
32
72 45
84
104 114
91
197 76
88
61 152
91
169 14
40
73 126
18
6 136
38
19 155
5
53 68
80
25 86
80
100 0
18
172 19
77
152 190
16
107 39
43
65 42
47
38 25
82
116 124
29
183 34
33
94 185
19
12 152
37
31 165
35
152 46
87
178 184
21
145 7
99
103 190
62
164 20
58
169 135
6
101 80
93
156 16
47
7 73
91
134 114
77
122 23
97
48 74
71
0 34
63
18 82
93
46 150
49
5 112
35
65 163
49
71 94
78
145 43
84
4 4
17
171 181
90
178 40
34
157 17
44
102 81
27
60 84
12
6 113
15
92 153
66
56 50
71
142 10
38
47 1
63
147 88
21
184 92
22
84 154
62
83 189
48
77 29
92
110 26
16
160 143
27
121 72
95
161 108
32
7 50
53
193 60
62
165 78
45
56 171
43
90 84
74
29 74
18
175 128
39
40 83
92
195 106
23
80 119
46
194 141
81
20 25
47
165 114
53
112 108
60
44 53
4
177 88
16
105 69
7
50 133
31
178 53
78
197 66
31
76 5
68
1 11
51
148 30
80
133 167
85
25 76
88
44 89
71
86 55
79
144 176
60
65 32
82
42 165
94
117 79
73
197 151
24
128 88
12
15 31
11
129 53
50
60 182
66
7 27
88
11 177
63
141 27
84
86 91
1
18 36
24
152 36
6
97 100
93
43 129
40
155 47
48
174 60
72
45 175
19
11 33
78
92 107
17
71 84
52
17 113
98
123 94
85
84 23
91
149 3
58
190 4
19
189 39
77
27 126
35
141 148
23
133 144
8
151 192
51
53 35
26
39 100
1
193 158
62
71 169
87
50 146
98
22 47
85
122 134
80
0 145
38
20 123
76
180 112
59
140 39
13
193 194
74
51 110
53
177 186
59
184 82
12
79 29
8
49 37
7
103 157
97
35 102
97
197 164
3
52 191
49
53 156
5
13 120
55
167 178
37
72 169
78
153 94
36
165 68
79
37 148
28
166 33
22
170 183
74
57 126
100
131 75
4
117 177
31
91 39
56
145 10
17
197 20
88
80 109
45
67 176
46
167 34
55
53 12
6
72 25
30
144 130
92
89 194
91
90 159
39
171 4
40
110 137
89
102 133
16
163 0
50
25 66
74
186 132
30
51 87
4
138 92
98
96 95
60
1 86
79
66 103
82
45 129
64
119 78
18
178 164
45
185 23
52
17 67
21
9 63
75
96 131
28
22 145
58
8 18
35
194 108
53
46 130
18
6 57
73
52 24
46
192 184
72
56 174
57
72 2
20
104 71
99
50 100
26
150 187
39
183 135
10
115 80
31
136 23
36
26 151
52
193 148
91
159 43
39
192 40
74
110 150
24
194 0
80
6 178
49
113 12
39
172 61
92
32 87
67
4 105
89
79 19
46
63 191
15
185 180
5
75 165
57
62 195
77
101 37
60
102 2
30
188 191
3
53 146
98
40 27
82
193 40
29
111 87
43
112 52
11
58 81
17
76 129
90
83 25
2
80 99
88
27 93
46
188 47
2
52 37
62
147 9
17
133 111
79
30 98
85
7 151
95
168 68
10
188 83
26
60 126
42
85 70
41
151 15
10
177 153
5
184 49
15
123 182
96
150 56
66
160 100
28
33 145
5
34 110
12
45 119
17
65 97
87
185 13
19
36 70
85
77 71
11
163 111
82
123 38
74
140 127
31
167 1
36
112 65
91
198 68
50
158 32
26
150 177
81
189 19
7
101 135
39
176 86
89
1 197
19
134 169
42
8 93
41
67 179
29
0 89
10
147 22
90
117 0
40
180 56
49
86 12
92
144 133
73
23 72
10
156 107
49
197 108
72
29 152
18
109 32
12
168 81
64
161 42
5
181 20
33
13 64
61
132 15
97
186 135
48
118 80
22
126 84
39
24 73
11
184 62
58
170 127
66
171 92
35
2 134
7
76 83
58
22 112
10
81 198
5
188 181
79
119 81
93
92 64
48
10 174
22
117 157
87
9 66
76
22 148
53
68 115
69
55 145
17
74 195
77
66 191
17
127 21
58
27 83
37
133 101
85
78 165
63
63 122
60
51 31
28
192 7
2
22 4
3
109 9
87
153 195
78
114 87
17
146 156
5
11 111
93
92 185
88
12 76
73
185 147
10
4 72
55
86 25
44
29 165
46
176 184
59
107 84
39
5 36
93
111 54
18
3 112
35
27 60
69
126 182
99
60 8
60
92 77
81
6 37
47
98 120
48
30 65
13
43 184
80
130 189
47
50 80
94
55 158
50
0 79
81
114 64
99
173 150
32
20 57
31
92 162
61
131 153
85
177 120
96
138 49
23
75 109
88
103 91
62
147 46
48
168 71
46
95 87
42
114 100
93
6 158
87
153 28
64
181 10
91
172 41
34
4 85
52
118 70
29
99 57
13
178 121
29
133 199
73
77 38
6
183 56
33
14 98
63
65 185
7
147 133
23
188 171
63
154 29
13
66 145
98
141 59
49
51 165
76
196 111
32
116 2
68
161 153
19
47 131
77
67 146
77
141 95
32
59 142
4
25 0
56
118 191
50
24 184
15
78 155
16
180 23
6
20 34
65
111 152
40
179 58
38
137 61
66
9 141
22
82 125
23
163 199
63
30 78
13
145 65
46
40 128
31
141 180
27
106 73
50
66 37
6
153 5
91
126 51
100
166 124
45
4 62
92
159 85
25
58 182
89
77 195
13
198 156
94
56 72
12
21 151
90
117 88
39
22 79
15
142 32
59
96 65
10
128 97
54
134 28
45
176 174
64
100 35
65
86 100
49
165 15
78
65 77
5
164 199
63
163 91
81
68 82
87
54 184
21
15 76
24
194 78
78
140 107
10
12 187
23
132 103
63
172 139
28
24 161
24
101 115
92
103 45
23
12 43
72
185 114
12
4 39
36
58 159
56
84 68
62
189 84
87
116 100
14
135 113
28
169 26
57
95 77
34
52 115
39
139 83
26
39 145
99
44 111
31
76 63
51
9 10
78
163 68
98
68 59
88
54 161
74
14 88
2
148 88
4
172 116
78
32 142
96
179 12
33
137 195
29
138 160
63
198 25
17
43 151
93
144 54
86
79 74
67
35 147
36
130 156
67
95 198
38
196 101
1
110 61
29
88 159
20
54 17
26
79 110
31
12 20
96
185 91
69
123 116
51
183 167
30
103 58
82
102 93
42
134 162
19
176 128
39
169 3
46
172 8
83
58 172
48
78 1
90
123 152
55
164 153
12
156 149
41
117 78
3
122 156
16
1 46
21
27 184
13
175 19
68
54 138
36
39 158
5
199 147
30
141 26
78
92 21
35
78 86
23
38 50
42
109 110
27
61 33
53
160 155
18
175 55
5
81 11
61
8 27
86
153 116
98
4 173
66
165 90
2
30 45
9
56 183
8
157 6
39
1 167
91
103 35
64
21 82
68
148 186
43
95 31
58
132 178
29
72 47
70
118 14
61
69 158
10
171 26
64
182 35
94
141 183
68
18 192
78
139 73
45
144 188
100
38 27
45
83 178
19
122 169
29
129 65
9
15 43
35
7 39
94
195 10
44
60 194
25
86 103
24
72 168
21
151 83
59
51 145
21
144 44
90
194 14
11
36 102
90
182 156
49
7 75
19
47 111
65
147 198
2
56 196
17
4 6
60
104 93
62
143 84
84
94 79
31
7 160
61
60 86
51
34 34
74
6 115
48
53 47
53
179 123
76
93 83
11
8 161
49
160 109
22
13 96
28
37 75
63
51 122
55
23 140
67
184 94
25
152 25
39
49 49
50
124 192
96
149 136
99
190 137
42
69 27
87
176 10
11
147 175
33
113 70
62
181 88
17
79 77
14
166 45
68
37 160
98
31 0
35
170 195
63
82 82
27
28 111
19
128 198
38
189 28
2
168 5
17
80 121
47
194 143
8
67 188
49
60 63
18
187 104
23
132 168
95
72 37
34
178 55
19
135 93
89
80 157
47
163 12
59
26 186
16
187 140
70
34 47
57
140 28
29
132 24
32
191 110
7
23 117
87
51 99
28
138 104
81
102 181
22
122 159
82
101 36
37
67 80
5
153 83
42
158 198
58
173 61
79
23 153
28
185 35
40
17 79
54
56 150
65
36 92
42
110 41
80
9 75
61
182 146
87
122 15
44
114 11
82
173 97
74
5 104
38
106 7
98
119 126
75
185 71
62
57 151
1
64 10
53
49 147
89
68 160
49
61 121
65
62 86
16
147 44
47
173 182
97
148 9
78
198 126
74
85 69
84
37 29
2
10 75
6
192 52
56
9 196
59
110 162
57
65 11
7
49 3
63
182 38
54
183 3
30
148 45
72
174 183
52
161 64
93
7 6
54
13 86
67
31 134
15
133 2
58
149 126
32
1 111
47
47 78
73
87 151
21
69 102
14
115 69
43
103 15
55
194 133
60
114 24
61
67 178
11
188 59
30
18 136
91
34 1
40
144 132
13
124 74
72
110 139
68
42 121
80
117 35
74
22 26
31
181 199
47
114 109
27
173 195
84
179 126
51
166 156
13
46 11
94
186 134
50
114 145
70
121 41
81
33 157
1
147 142
21
126 119
22
118 115
59
71 40
94
108 187
30
68 114
88
80 88
9
195 75
4
100 103
61
121 126
42
24 193
27
186 26
69
144 109
83
105 38
18
123 86
26
84 15
40
150 189
16
117 12
52
61 111
23
54 72
42
18 149
77
133 136
51
53 27
14
45 23
81
30 123
6
192 42
43
56 32
59
110 152
32
2 61
43
101 183
90
122 126
17
54 108
60
154 195
45
120 53
74
121 18
32
67 47
47
153 50
35
12 111
72
173 28
36
159 130
66
10 150
41
89 65
28
17 46
37
116 168
29
150 81
4
135 181
60
96 110
17
185 2
6
29 20
28
34 135
41
53 148
84
173 64
47
45 144
9
65 122
80
185 38
9
97 154
16
3 147
37
77 96
4
83 27
58
50 79
14
15 121
74
61 88
90
116 24
32
161 175
40
194 123
60
139 7
83
198 93
71
159 22
20
17 167
22
137 83
76
3 3
86
28 176
80
47 189
7
8 118
29
122 103
51
60 128
20
106 95
66
6 157
57
166 146
78
126 73
31
13 53
4
174 150
8
151 17
22
193 163
29
138 84
5
184 51
99
172 40
72
150 58
19
47 45
70
7 9
42
6 193
36
99 92
64
173 41
73
44 156
24
185 15
15
131 44
65
176 52
23
121 116
37
139 164
31
141 94
100
18 103
42
70 150
42
104 63
47
150 179
28
2 15
1
55 170
24
136 15
55
162 153
27
81 79
27
128 11
7
27 108
99
180 58
42
193 140
51
70 186
98
82 160
51
123 161
65
14 25
24
146 181
87
25 120
32
112 188
35
59 33
58
70 42
67
111 43
42
171 94
4
163 90
9
68 81
36
101 29
93
148 110
49
20 190
60
146 37
9
152 80
38
77 86
98
35 169
58
150 156
72
42 65
86
101 114
23
80 91
21
113 125
94
73 52
47
133 103
12
165 135
72
65 197
29
31 55
85
192 9
94
110 119
25
28 166
45
47 179
21
149 47
9
48 144
92
153 197
51
120 20
51
60 118
69
166 136
39
59 10
40
78 23
17
43 65
25
130 70
86
189 119
5
76 62
42
95 112
76
36 26
42
142 44
21
28 22
24
88 73
96
73 173
79
81 177
44
193 9
9
10 153
54
56 120
22
157 172
41
76 98
83
77 63
82
168 181
26
121 106
46
188 16
94
104 53
79
150 169
93
42 78
87
83 79
46
101 127
62
102 92
72
48 121
93
114 66
31
119 181
4
11 90
58
46 197
84
172 7
20
131 155
87
192 22
12
124 116
91
29 144
71
43 42
20
103 93
64
75 111
75
96 54
58
41 118
89
126 76
34
25 110
30
164 188
65
2 126
65
123 7
59
69 36
6
54 173
40
176 19
75
85 160
38
4 172
69
51 167
68
144 66
65
196 113
6
169 159
52
116 4
1
161 155
18
54 29
49
154 116
29
19 71
20
100 145
9
193 107
28
166 90
22
165 125
48
186 68
53
138 28
77
9 143
4
157 41
81
75 88
21
154 152
86
155 117
52
100 181
84
87 62
74
107 40
40
52 104
73
158 122
87
24 42
8
164 165
81
17 3
7
35 51
62
117 90
97
42 176
56
2 103
23
188 150
28
175 31
16
66 124
62
140 73
64
11 188
71
56 110
95
104 7
84
69 49
18
14 113
1
96 152
54
15 78
40
1 143
34
161 132
78
8 39
66
195 45
11
168 171
87
175 67
5
19 48
68
24 163
52
137 40
23
51 0
2
1 179
16
129 185
38
119 171
1
6 114
72
106 52
87
31 58
37
177 112
65
124 106
25
81 144
39
5 5
29
31 143
39
151 59
92
149 135
56
69 26
18
14 90
80
15 55
58
121 73
12
67 102
77
141 51
78
27 29
61
179 14
10
23 175
55
198 27
58
138 162
83
50 49
58
164 34
57
96 165
9
7 87
17
134 128
99
48 88
95
88 161
31
188 19
39
114 33
78
60 62
51
99 170
16
177 89
1
103 60
51
21 107
39
1 12
61
88 17
2
33 81
72
106 65
89
167 81
100
72 72
66
178 90
86
64 68
69
16 28
29
171 51
44
163 47
14
109 76
81
88 53
13
194 34
82
121 50
79
39 160
81
30 191
93
86 92
79
112 1
68
43 130
80
89 97
11
69 39
19
168 161
98
150 113
24
88 138
39
81 13
61
162 87
85
27 42
29
173 96
62
79 89
21
186 35
60
17 114
95
91 63
48
9 110
93
123 95
3
95 33
1
41 62
39
26 162
74
6 104
65
152 158
17
171 28
6
189 76
66
175 178
9
150 5
1
15 189
94
133 181
66
194 11
35
66 91
42
100 4
50
145 155
18
111 13
56
43 107
61
77 20
4
95 154
59
153 95
87
187 8
16
159 175
66
193 51
10
90 75
18
189 197
2
117 178
19
96 155
2
102 49
67
120 183
98
40 74
52
19 51
68
146 92
96
167 35
21
17 127
73
57 163
94
4 8
72
49 159
49
29 101
46
183 159
68
62 98
18
135 82
18
7 162
18
87 42
20
141 162
84
127 78
90
34 36
57
19 136
58
198 138
19
118 29
67
65 23
90
38 6
92
91 161
70
137 128
5
2 83
27
163 37
86
94 166
48
12 133
71
85 117
99
38 42
73
51 124
13
125 10
100
58 20
73
97 91
95
50 16
63
103 171
56
190 139
66
88 128
98
172 121
50
72 183
65
99 137
61
39 6
26
125 46
72
71 75
78
16 139
7
58 105
26
3 169
75
163 158
93
182 171
73
84 14
94
21 74
18
148 178
89
41 52
4
67 190
17
126 10
80
112 112
40
198 115
71
70 195
49
159 44
56
90 173
72
170 53
95
136 60
87
122 125
94
129 21
8
154 194
45
174 172
16
66 81
11
11 145
11
85 94
19
31 123
64
192 77
82
63 192
6
83 170
100
3 61
32
49 28
85
197 155
18
149 115
48
122 161
88
101 38
5
61 2
77
1 100
67
154 50
91
72 160
88
118 127
34
79 56
47
11 1
18
105 194
35
145 1
10
163 135
19
83 26
57
47 103
72
139 186
63
195 87
33
106 9
45
6 71
95
52 38
51
111 124
43
184 194
39
178 34
96
89 185
34
164 99
6
196 168
98
175 145
60
61 123
21
135 72
66
190 8
59
87 32
89
73 97
37
107 10
29
59 199
77
20 91
75
120 29
14
11 122
36
199 93
87
71 173
53
93 75
76
173 184
82
165 180
17
79 177
54
82 182
49
97 45
55
122 138
35
114 134
93
120 65
21
20 127
59
66 94
38
200
20
12
92
19
69
28
34
34
97
47
10
48
27
49
89
86
11
108
23
111
31
118
35
132
73
138
57
154
79
160
27
166
50
168
76
174
11
182
30
192
8
