200 200
10000
44 155
68
90 42
77
76 107
68
194 99
4
139 163
44
111 101
67
69 104
41
27 107
45
71 150
49
90 163
71
180 93
75
166 158
2
138 96
100
55 61
52
127 166
97
113 39
98
71 42
73
136 171
37
194 112
11
139 176
50
92 101
70
105 40
94
64 2
9
50 104
64
110 118
50
55 182
79
108 45
12
22 5
52
27 120
29
168 59
81
113 160
18
25 47
99
66 48
49
145 112
67
103 115
53
122 128
98
45 110
57
105 161
86
193 8
48
124 174
13
108 166
83
25 168
9
57 120
42
131 69
13
43 185
26
10 8
14
161 177
19
18 128
91
78 179
56
36 182
74
8 120
80
94 123
37
149 59
37
154 174
84
173 187
15
107 62
80
140 10
25
52 126
6
112 177
68
98 13
74
84 115
57
170 118
45
189 131
62
142 56
3
161 69
54
100 59
78
45 123
65
158 0
16
77 75
79
108 179
14
22 139
66
121 118
9
195 67
83
33 5
65
52 18
73
137 62
54
73 77
26
155 116
98
174 129
81
86 16
33
91 131
36
70 8
21
130 59
95
195 188
82
107 75
36
179 180
27
112 190
78
126 88
16
5 27
8
165 16
1
156 196
56
82 18
53
109 121
20
183 70
32
149 193
31
42 67
33
0 70
84
179 72
97
79 134
90
51 35
85
156 88
97
197 89
22
35 27
82
100 193
94
141 194
19
174 142
53
12 80
76
53 81
91
172 32
63
72 94
44
56 86
90
0 191
77
93 153
15
165 29
84
137 196
59
51 156
57
123 32
95
150 135
64
62 22
64
70 142
5
144 91
58
42 80
33
28 145
18
47 158
24
32 35
35
123 153
26
197 102
3
16 27
56
35 40
31
81 156
87
180 135
56
39 159
61
199 148
5
111 35
100
9 24
81
14 102
18
148 102
38
113 81
57
187 30
57
13 143
52
151 107
71
7 99
10
122 49
99
92 143
75
4 30
47
138 30
40
157 43
13
13 35
52
99 38
84
159 89
44
76 54
23
117 92
65
194 46
76
97 113
81
143 0
87
160 169
61
113 94
77
71 97
82
29 100
33
175 154
76
194 167
8
166 105
46
152 170
60
4 43
92
23 56
13
143 121
63
127 113
99
187 164
66
11 167
14
145 167
70
38 41
6
117 105
81
103 170
81
122 183
55
78 113
4
64 178
8
17 103
87
8 54
1
57 175
44
43 11
92
115 116
67
73 119
50
188 106
7
18 183
15
147 68
95
64 70
73
191 111
38
110 186
29
163 49
71
22 73
19
94 178
87
66 116
13
79 55
85
98 68
42
43 132
45
170 173
19
115 8
56
142 111
78
73 11
48
59 113
100
45 178
46
119 127
78
91 65
86
36 129
19
77 130
74
75 57
72
168 19
88
140 186
99
179 114
13
126 22
83
98 189
98
24 11
7
65 12
55
10 76
52
128 68
15
133 183
4
100 6
51
193 197
37
191 124
4
58 9
71
3 73
65
89 76
33
149 127
49
42 1
45
121 65
46
80 27
6
52 194
91
167 181
14
0 4
33
79 68
77
24 132
94
170 186
50
189 199
18
137 9
60
82 73
90
156 22
11
142 124
81
183 125
20
1 148
9
21 63
26
40 76
85
45 191
22
86 192
12
12 14
54
177 81
66
163 183
86
77 143
34
75 70
45
162 187
73
88 9
60
107 22
100
148 23
56
179 127
27
79 189
44
198 140
28
19 138
1
151 28
53
156 143
96
68 30
27
114 146
52
144 25
51
130 127
10
102 28
48
88 130
72
47 92
73
107 143
61
181 92
33
5 95
79
178 23
21
197 36
30
7 141
21
81 90
62
40 89
29
155 76
41
139 31
71
125 133
88
58 143
68
144 146
82
56 33
77
42 135
21
160 90
9
46 25
6
51 103
76
178 144
68
90 31
20
95 146
74
155 197
76
67 84
88
153 87
44
34 136
5
72 162
83
111 90
11
56 154
18
102 41
61
88 143
82
143 42
62
148 157
81
146 84
1
132 149
55
151 162
16
159 23
66
178 36
63
123 100
7
136 39
28
81 103
58
7 154
35
139 44
39
39 106
45
37 33
21
23 98
18
97 47
5
138 85
55
157 98
62
129 36
83
41 152
54
113 28
42
13 90
65
99 93
27
32 103
42
71 31
74
16 95
31
90 44
43
117 147
69
48 47
72
139 165
14
105 29
9
9 92
13
14 170
55
132 162
11
25 36
38
44 49
52
85 50
68
71 152
20
145 101
83
11 101
86
164 114
78
76 1
61
117 39
7
48 168
57
120 44
84
161 45
10
64 112
73
196 39
67
55 63
81
41 165
20
27 1
94
194 114
47
139 178
32
92 103
47
147 2
94
188 40
56
124 55
18
36 171
57
196 160
19
22 7
91
27 122
54
113 162
69
168 61
5
173 176
100
85 63
76
112 166
52
186 115
60
131 179
88
57 1
1
184 42
27
103 117
59
142 45
24
100 48
52
110 12
5
108 168
5
25 170
84
66 171
97
57 122
25
43 187
58
101 128
43
1 190
44
161 179
69
54 53
45
188 53
41
119 182
66
45 4
37
17 171
89
77 185
16
130 48
66
89 10
49
149 61
74
75 112
80
154 176
1
181 13
79
126 77
52
112 179
42
186 128
98
198 182
76
170 120
14
115 184
1
82 7
97
183 59
18
119 74
11
191 179
69
158 2
23
58 64
43
77 77
70
89 131
87
116 5
89
135 18
64
121 120
86
66 184
100
80 82
61
93 21
70
10 23
63
192 0
75
63 115
50
156 77
25
101 141
8
40 131
40
114 80
34
155 118
20
31 82
25
77 198
70
130 61
14
89 23
58
116 126
94
190 75
90
107 77
65
79 15
24
10 144
65
123 21
40
109 123
22
21 10
6
172 142
71
158 15
68
70 131
71
144 80
27
42 69
35
135 31
63
102 83
11
176 69
66
93 34
26
79 136
40
5 150
5
32 24
97
178 78
10
197 91
12
183 193
54
155 131
57
114 93
85
153 21
74
58 198
75
70 23
85
135 152
57
9 13
94
47 39
85
129 78
9
179 195
7
146 18
41
32 145
10
192 134
78
104 21
42
35 150
80
164 35
96
81 37
31
26 101
42
67 139
63
20 27
73
199 29
60
23 32
18
83 83
60
28 147
55
162 147
87
5 163
52
13 24
70
118 40
41
104 142
69
123 155
100
16 29
4
35 42
29
62 145
87
81 158
56
134 21
69
139 99
82
111 37
12
56 101
42
157 153
30
118 161
27
151 109
90
104 34
52
150 150
62
7 101
69
122 51
53
153 155
78
92 145
35
166 94
12
9 147
24
138 32
78
127 102
34
60 112
17
99 40
41
159 91
85
57 43
92
76 56
74
62 158
86
122 172
3
15 46
75
34 96
33
139 112
56
39 174
69
23 166
61
97 115
2
50 40
69
36 105
18
69 53
5
118 174
31
11 48
1
131 113
55
43 0
47
84 38
52
48 115
62
122 64
100
6 118
41
92 158
55
152 172
8
45 46
100
110 175
19
163 38
37
108 102
55
96 48
27
127 115
39
22 62
34
25 104
96
186 170
17
23 179
42
119 116
6
17 105
23
163 159
1
55 131
94
182 172
66
75 46
49
112 113
22
186 62
70
76 190
54
29 115
23
128 57
21
152 185
47
191 113
76
91 175
9
22 75
65
182 64
11
66 118
35
167 170
3
184 110
35
84 172
24
156 11
86
1 137
39
161 126
53
45 180
5
64 193
12
12 3
49
158 57
93
91 67
63
22 196
44
181 189
3
93 76
60
115 131
21
15 193
59
49 6
20
109 57
38
73 134
3
86 73
29
130 116
33
89 78
9
162 68
81
52 196
7
181 81
18
19 19
72
179 8
96
24 134
25
63 62
86
123 76
92
155 65
58
26 143
9
53 17
70
144 135
24
89 199
96
56 22
48
130 8
26
61 137
48
176 124
61
93 89
79
192 68
1
51 92
17
82 196
67
156 145
9
35 84
13
95 135
73
153 76
23
141 22
1
172 89
28
158 191
11
86 86
1
130 129
52
56 143
79
42 16
77
9 68
68
74 197
93
60 33
65
165 86
43
63 75
86
104 76
33
197 38
52
95 27
85
7 143
31
141 143
92
180 71
24
125 135
11
199 84
88
42 137
79
116 86
8
129 25
51
19 153
66
160 92
64
60 154
26
113 17
71
132 30
90
104 197
48
137 145
8
95 148
85
136 149
5
169 97
63
7 35
17
48 36
47
153 89
3
53 151
91
139 154
81
148 159
49
46 148
83
7 156
75
139 46
34
37 35
23
97 49
32
157 100
17
55 52
88
13 92
56
173 44
36
44 159
47
71 33
56
16 97
41
131 47
64
117 149
100
29 36
28
48 49
68
175 90
65
6 52
58
37 156
31
78 157
12
111 105
67
97 170
3
143 57
71
196 149
72
127 49
65
132 164
15
173 165
83
25 38
42
44 51
97
85 52
94
71 154
59
164 116
38
2 54
68
76 3
73
184 31
67
48 170
30
106 111
33
166 162
87
59 36
91
4 100
22
23 113
73
17 39
98
108 157
78
182 106
33
55 65
1
154 44
7
173 57
88
38 98
79
117 162
13
6 65
62
59 157
46
97 183
50
91 109
5
149 50
30
173 178
14
11 116
57
167 104
28
186 117
75
43 68
92
115 173
65
189 122
95
15 6
78
1 71
16
6 186
32
59 49
34
18 11
15
45 114
4
193 12
87
191 168
95
124 178
78
177 4
27
80 71
21
126 187
71
52 9
55
38 111
53
179 50
61
24 176
64
10 12
87
156 66
23
15 127
40
54 55
16
45 6
2
86 7
73
31 71
29
177 125
3
154 178
5
52 130
16
126 79
36
198 184
2
79 4
27
165 7
77
10 133
22
156 187
25
189 135
23
142 60
92
109 112
60
128 125
23
188 176
18
147 138
93
158 4
3
58 66
100
163 119
57
89 133
78
168 197
55
116 7
36
135 20
17
66 186
44
107 187
58
162 123
13
33 9
24
74 10
46
93 23
20
184 178
33
142 181
65
109 4
87
54 68
62
128 17
10
174 133
66
31 84
87
158 125
15
72 85
92
130 63
44
47 28
32
181 28
86
183 74
14
128 138
10
149 197
62
190 198
52
116 20
78
157 21
39
88 187
6
74 23
87
19 87
56
160 26
9
5 152
33
13 13
65
63 130
9
51 39
22
49 195
69
123 144
35
16 18
28
95 82
33
7 198
40
158 138
76
199 139
93
111 26
25
171 77
2
116 141
50
93 157
89
187 21
93
46 82
26
32 147
16
123 36
66
150 139
31
169 152
36
62 26
83
34 193
1
122 40
8
20 29
16
125 82
2
37 198
58
143 99
44
160 39
85
5 165
41
13 26
71
32 39
23
76 45
99
34 85
35
153 36
16
120 88
86
139 101
77
39 163
17
194 37
89
23 155
54
56 103
90
152 40
11
196 83
70
8 32
23
187 34
24
16 152
31
90 101
77
35 165
29
134 144
77
122 53
38
153 157
78
106 45
41
92 147
67
4 34
68
9 149
30
64 48
3
124 99
61
69 163
93
96 37
68
182 40
66
85 107
76
118 55
89
2 109
83
117 96
66
76 58
33
136 109
60
15 48
22
175 37
88
120 101
29
139 114
1
39 176
24
180 152
76
50 42
75
196 96
5
96 158
88
94 48
54
11 50
6
30 63
89
71 101
87
57 166
3
131 115
51
115 107
74
15 169
7
1 5
74
69 176
69
22 64
8
8 166
63
25 106
27
145 171
19
43 123
46
189 177
11
175 50
97
87 166
87
59 104
63
119 118
57
64 182
21
110 69
52
77 121
58
94 61
31
154 112
24
80 126
8
140 177
50
38 166
94
126 13
51
198 118
49
131 128
10
170 56
51
189 69
54
175 171
51
54 110
44
87 58
72
147 72
74
133 174
6
31 126
2
22 77
69
11 184
70
167 172
86
79 59
77
184 112
82
43 136
11
63 51
89
189 190
31
82 64
18
156 13
94
101 77
31
1 139
79
114 16
46
45 182
32
12 5
43
72 19
24
158 59
41
22 198
15
149 10
82
61 126
90
121 177
46
140 190
46
181 191
36
33 64
51
52 77
84
179 118
70
79 180
32
198 131
97
10 80
8
137 121
39
49 8
93
109 59
74
128 72
98
114 137
17
26 24
32
58 13
59
130 118
6
190 132
93
42 5
90
88 121
24
33 185
66
19 21
42
46 124
81
170 190
37
49 129
95
128 193
59
81 81
24
100 131
49
26 145
53
86 196
77
72 32
12
3 198
51
56 24
22
176 126
73
135 88
63
14 27
41
88 13
18
19 142
68
165 196
10
32 81
76
151 32
12
197 148
100
21 188
70
169 86
39
67 75
2
153 78
49
12 139
27
70 80
33
111 81
17
185 30
98
171 132
88
130 131
18
56 145
33
33 198
45
74 199
81
46 137
39
192 191
54
183 142
92
117 17
90
21 80
16
136 30
43
153 199
45
34 19
19
120 22
98
53 32
68
139 35
26
39 97
40
144 150
24
37 24
5
42 139
89
138 76
69
0 142
3
160 94
74
132 32
30
118 97
88
197 161
65
171 145
25
9 83
55
83 32
36
143 46
49
129 148
93
60 48
75
30 105
100
71 143
50
2 43
32
117 30
22
48 159
42
185 164
99
36 41
45
55 54
51
41 156
19
113 32
26
159 148
1
131 49
77
117 151
43
122 0
8
194 105
50
124 46
50
69 110
48
154 154
68
25 40
68
85 54
67
186 106
77
131 170
51
2 56
60
43 57
66
161 49
17
6 175
87
4 102
78
143 180
33
110 3
19
22 119
76
182 108
43
163 95
39
96 105
41
198 52
22
43 178
95
115 54
20
175 105
83
120 169
84
161 170
94
73 57
34
147 6
62
133 108
23
59 159
14
152 121
25
119 173
78
110 124
83
182 0
67
8 113
66
168 65
83
140 3
54
167 106
32
112 170
78
131 183
23
24 57
61
29 172
3
142 49
1
1 73
57
40 1
48
100 52
24
193 14
26
31 181
25
64 129
59
191 170
74
58 55
16
3 119
71
163 108
100
168 186
62
121 111
51
195 60
57
66 175
36
93 12
21
179 52
74
24 178
53
198 65
75
79 114
15
170 3
15
142 170
71
101 132
13
1 194
56
161 183
59
73 70
19
188 57
57
100 173
86
12 60
94
86 9
63
191 62
1
91 124
26
3 11
83
89 14
98
149 65
83
80 194
52
47 17
80
198 186
19
24 70
77
65 71
34
165 9
17
123 12
48
109 114
44
73 191
86
114 192
74
40 14
30
100 65
85
86 130
69
31 194
16
158 6
79
116 9
66
61 73
18
135 22
53
121 124
13
80 86
36
33 11
8
65 192
39
32 15
86
63 119
39
51 28
25
95 71
63
114 84
88
100 186
69
158 127
63
70 14
11
56 79
4
28 17
10
74 133
59
19 197
76
198 199
52
192 125
28
151 87
13
63 11
29
95 192
45
21 14
97
26 92
86
153 133
15
53 195
20
180 7
94
162 138
91
74 25
80
19 89
81
60 90
96
160 28
74
13 15
89
118 31
46
104 133
11
51 41
5
192 17
89
34 74
30
53 87
26
139 90
54
92 15
19
42 194
53
116 143
13
74 146
46
93 159
30
113 74
30
187 23
98
27 34
26
104 25
4
164 39
2
150 141
67
7 92
3
153 146
2
172 159
4
125 84
22
23 36
12
9 138
8
138 23
74
60 103
35
5 167
97
104 146
88
178 95
9
76 47
16
81 162
95
122 163
58
134 25
64
175 26
46
20 152
53
194 39
41
23 157
100
97 106
65
50 31
43
69 44
34
110 45
72
27 47
82
13 149
92
187 36
52
173 101
88
118 165
72
145 39
50
131 104
97
175 147
4
20 44
39
166 98
25
23 49
12
138 36
4
124 101
49
55 1
78
182 42
32
187 157
66
11 160
61
103 163
46
15 50
53
194 52
22
110 58
17
182 163
89
170 45
29
103 55
36
189 58
34
194 173
30
87 47
48
147 61
100
188 99
46
64 63
85
124 114
78
110 179
42
22 66
17
156 2
86
119 120
81
193 69
41
91 58
16
77 123
40
182 176
2
121 166
26
167 53
89
112 117
40
186 66
33
170 58
87
115 122
30
189 71
61
54 112
14
1 20
53
147 74
50
174 177
68
45 63
63
191 117
89
61 7
94
198 12
30
10 190
74
170 179
82
101 79
74
183 118
41
128 182
36
1 141
35
147 195
42
21 56
14
174 69
67
12 7
7
58 123
65
177 74
45
77 136
85
3 187
85
75 63
73
116 64
4
42 115
35
176 115
10
195 128
27
88 2
15
33 66
88
74 67
19
198 133
37
63 174
54
51 83
77
156 136
65
54 125
19
72 142
15
177 195
69
130 120
68
116 185
10
149 133
16
102 21
46
47 85
65
107 136
79
148 137
8
0 10
51
60 24
95
192 180
72
49 131
76
109 182
57
68 144
4
155 69
66
26 147
10
67 185
44
86 198
75
81 83
35
125 126
32
144 139
79
42 128
93
157 78
10
102 142
28
28 193
27
14 29
17
35 88
66
21 190
89
150 75
74
67 77
77
153 80
26
53 142
90
26 39
39
72 155
94
9 72
71
146 77
15
5 101
94
151 155
93
49 144
30
123 93
2
150 196
11
117 19
23
141 147
96
34 21
85
9 193
10
157 91
68
143 156
57
196 19
8
55 43
29
129 29
76
146 198
1
113 21
74
44 150
35
159 137
82
178 150
25
197 163
91
34 142
57
194 94
94
6 43
76
111 96
36
152 97
72
97 161
72
138 199
5
14 163
85
143 48
53
127 40
38
132 155
31
44 42
22
145 94
82
164 107
81
62 96
95
48 161
43
120 37
46
180 88
7
39 112
68
78 40
52
138 91
48
41 158
86
127 161
37
71 37
6
57 102
78
115 43
38
48 53
22
175 94
18
120 158
56
59 148
49
18 110
70
91 100
28
36 164
83
196 153
30
8 102
26
27 115
1
25 42
41
30 120
39
112 159
25
145 107
80
189 113
66
166 166
61
78 53
6
124 169
57
127 174
14
168 175
72
25 163
65
80 62
6
131 64
33
98 116
50
115 56
53
15 118
93
189 5
59
1 183
91
188 46
93
147 8
74
18 123
76
119 175
70
31 62
66
91 113
53
77 178
72
110 126
71
168 67
83
195 170
16
107 57
78
52 121
59
126 70
58
167 108
71
131 185
48
43 72
94
10 124
1
189 126
13
142 51
67
188 167
47
193 16
54
3 121
18
108 174
52
168 188
69
80 75
84
66 177
31
107 178
70
195 62
44
33 0
87
19 65
59
179 54
21
79 116
53
24 180
20
137 57
45
161 185
69
155 111
63
100 175
38
193 137
34
86 11
27
72 76
62
158 116
90
77 191
23
70 3
41
89 16
51
61 183
81
176 170
24
190 68
1
47 19
6
52 134
83
167 121
90
179 175
75
165 11
23
82 13
31
123 14
42
109 116
94
73 193
14
188 180
68
100 67
3
67 119
43
26 81
29
42 62
48
61 75
33
88 178
19
162 127
12
107 191
75
19 78
83
93 27
30
63 121
90
49 186
49
156 83
5
68 199
74
155 124
22
72 89
39
56 81
68
190 81
30
102 197
22
28 19
52
129 71
21
148 84
84
132 76
10
164 28
59
35 143
77
68 91
16
109 129
8
7 81
24
81 30
24
12 196
82
172 148
20
20 20
4
138 12
24
102 89
30
162 140
38
41 79
24
46 194
33
132 197
48
95 86
77
194 28
4
199 143
40
56 94
28
138 133
83
157 146
42
14 97
41
129 84
67
74 148
28
0 199
35
27 36
29
132 89
41
32 151
21
151 102
41
145 28
44
62 30
66
7 94
9
122 44
19
180 22
69
125 86
66
6 98
86
39 46
29
4 25
93
9 140
3
138 25
1
157 38
68
28 153
72
27 157
21
118 46
18
104 148
78
178 97
11
16 35
43
2 100
77
76 49
58
122 165
45
175 28
30
23 159
73
50 33
77
36 98
96
13 151
60
99 154
50
71 92
58
16 156
98
90 105
54
29 95
16
6 111
62
4 38
71
64 52
43
105 90
34
124 103
13
110 168
24
8 157
48
27 170
87
25 97
38
99 46
87
140 47
33
85 111
45
184 90
75
43 114
1
122 178
47
101 55
58
106 170
10
78 108
90
23 172
58
193 58
60
91 47
38
36 111
27
75 39
41
94 52
87
11 54
80
126 4
27
38 157
12
131 119
50
84 44
40
128 50
82
18 178
56
188 101
6
147 63
11
31 117
12
77 4
25
108 108
18
94 173
47
80 9
94
167 163
91
38 49
93
184 103
33
189 181
57
82 55
70
101 68
70
87 170
31
155 45
15
100 109
75
119 122
4
158 50
7
91 60
29
177 63
43
163 165
30
77 125
55
182 178
37
3 176
22
176 104
24
80 130
4
121 168
9
198 122
44
24 6
74
109 50
95
128 63
26
100 1
70
191 119
76
91 181
38
89 71
83
130 109
11
94 186
23
135 187
1
121 60
40
33 176
47
162 61
66
52 189
83
126 138
80
47 74
61
19 12
10
10 192
63
170 181
84
82 68
88
123 69
42
68 133
43
128 184
43
40 71
71
45 186
3
86 187
24
158 63
44
72 23
82
3 189
4
42 117
59
116 66
77
190 15
13
80 143
45
195 130
15
19 133
75
93 82
37
79 184
94
137 125
17
68 25
77
169 77
71
26 28
85
172 82
64
177 197
68
125 7
100
89 84
23
56 136
22
116 187
44
88 125
53
65 141
69
192 182
45
109 184
38
62 72
31
136 21
25
81 85
30
139 26
48
125 128
65
199 77
49
144 141
76
70 192
23
37 15
11
72 36
63
42 130
39
83 131
67
28 195
87
102 144
7
116 79
15
0 133
53
148 31
67
146 187
32
113 10
19
46 20
46
151 36
91
178 139
17
136 142
47
48 29
23
134 69
2
153 82
2
53 144
69
172 95
93
125 20
81
166 21
56
190 149
44
102 36
82
143 37
35
148 152
69
13 193
80
132 144
91
25 18
23
192 195
53
44 31
88
159 18
63
151 157
28
145 83
36
178 31
77
150 198
58
136 34
1
139 39
8
44 152
82
159 139
3
178 152
77
131 40
25
29 29
15
194 96
47
139 160
54
166 34
4
111 98
79
37 149
49
69 101
17
14 165
44
129 152
50
41 39
73
85 45
67
29 150
81
78 42
91
97 55
15
143 171
20
55 58
11
108 150
99
25 152
23
112 40
61
57 104
5
2 168
43
76 117
73
194 109
83
133 99
69
78 163
14
17 153
46
191 40
89
124 50
23
36 166
91
22 2
47
94 107
25
127 55
4
66 45
46
167 97
90
186 110
19
43 61
73
115 166
24
189 115
15
101 2
65
87 104
27
161 53
87
73 169
87
188 156
88
106 117
44
18 4
68
4 106
32
124 171
72
17 45
88
77 59
13
135 0
32
85 179
92
112 53
15
10 5
72
115 58
36
15 120
88
147 10
66
174 113
13
31 64
100
177 118
42
3 2
80
89 5
73
149 56
61
94 120
74
80 185
60
33 110
3
181 8
56
126 72
30
198 177
38
165 0
4
24 61
84
10 126
54
170 115
92
115 179
63
189 128
64
183 54
83
188 169
81
40 5
46
174 5
91
119 69
18
86 121
46
45 120
70
177 10
26
19 67
73
98 131
46
63 110
72
51 19
86
82 123
3
101 136
87
142 174
45
1 198
3
169 11
18
119 190
53
86 13
5
172 16
29
158 118
27
58 180
8
42 172
7
61 185
62
80 198
85
88 59
92
33 123
52
52 136
87
198 190
86
137 180
56
128 131
94
169 132
34
40 18
73
155 5
29
86 134
99
199 11
32
144 75
30
190 191
91
42 64
1
116 13
6
28 129
60
102 78
46
88 180
52
162 129
53
107 193
65
0 67
6
46 183
47
151 199
13
32 19
37
49 188
51
123 137
13
16 11
62
95 75
8
172 29
86
58 193
69
144 196
44
37 70
31
56 83
81
116 134
22
176 185
6
0 188
35
146 13
47
32 140
18
51 153
45
90 81
14
164 30
82
123 29
46
169 145
96
7 83
85
81 32
35
122 33
55
67 134
35
153 137
96
125 75
85
111 140
38
171 191
29
157 27
61
102 91
86
88 193
70
187 135
73
16 24
58
117 76
11
20 143
26
139 94
45
39 156
70
53 91
80
125 196
29
111 32
41
138 135
53
157 148
76
74 150
56
160 153
15
13 140
38
132 91
44
118 156
96
159 194
65
16 145
69
62 32
86
48 97
50
34 199
69
180 24
38
92 140
42
4 27
19
83 91
64
96 30
76
182 33
2
27 159
100
99 35
49
145 151
26
38 25
65
15 41
91
78 97
65
152 46
55
97 110
46
23 161
81
55 113
94
99 156
82
118 169
65
112 95
2
84 33
85
103 46
74
48 110
15
175 151
17
6 113
27
133 154
80
92 153
57
105 92
47
124 105
92
110 170
52
108 97
73
11 164
32
30 177
17
24 103
95
189 170
31
1 119
54
133 46
48
64 175
29
17 100
15
163 154
54
77 114
93
75 41
90
94 54
98
195 106
95
140 170
69
198 111
50
57 172
3
131 121
49
115 113
64
128 52
56
73 116
99
105 105
6
191 108
78
3 57
89
80 11
7
66 113
87
167 165
62
10 181
62
170 170
71
63 44
70
87 172
45
174 60
16
119 124
32
31 11
5
17 113
77
58 114
26
163 167
70
22 191
96
75 54
45
190 4
25
61 119
41
181 184
34
107 6
69
65 9
34
137 114
88
49 1
79
109 52
83
54 116
26
128 65
28
183 1
7
12 119
97
58 6
10
94 188
84
33 178
35
107 127
100
165 68
70
10 194
23
21 60
63
147 199
46
58 127
12
144 130
32
3 191
75
56 17
29
42 119
6
190 17
82
61 132
51
121 183
31
47 197
46
162 184
67
0 122
73
165 189
23
192 63
91
63 178
29
137 127
15
197 141
71
40 194
60
7 17
14
125 9
14
70 73
52
185 23
94
171 125
7
42 11
80
83 12
83
28 76
10
88 127
86
60 28
97
146 68
85
159 7
43
104 71
98
178 20
7
123 84
74
62 74
94
95 22
94
81 87
75
70 194
70
37 17
99
138 69
71
9 184
96
14 33
54
0 135
42
41 136
4
160 87
80
132 25
59
63 191
62
151 38
9
118 90
52
159 128
31
16 79
46
7 30
63
153 84
70
92 74
79
166 23
36
6 34
15
185 36
10
28 89
76
143 39
47
14 154
89
41 28
62
27 93
51
187 82
45
132 146
71
151 159
11
192 197
13
44 33
49
104 84
29
90 149
94
136 36
98
39 103
32
125 143
6
37 30
30
157 95
87
124 147
9
113 25
19
44 154
1
16 92
70
2 157
47
76 106
10
131 42
16
117 144
81
6 47
93
8 93
30
113 146
57
173 160
33
25 33
13
90 162
18
131 163
44
117 36
67
29 152
56
48 165
3
120 41
5
161 42
87
87 93
16
119 45
36
105 147
39
124 160
63
17 34
27
108 152
33
140 104
89
85 168
35
57 106
25
2 170
96
133 101
76
105 39
6
191 42
80
36 168
90
22 4
72
94 109
67
168 58
83
66 47
87
11 111
54
126 61
17
112 163
88
167 99
21
84 101
43
161 55
74
188 158
23
193 7
67
3 112
38
182 114
17
176 40
76
52 4
18
38 106
35
115 60
10
82 112
9
142 163
55
1 187
74
161 176
17
155 102
84
59 165
50
193 128
59
31 66
20
94 122
35
80 187
41
47 10
19
52 125
50
165 2
41
65 64
7
109 107
98
73 184
46
100 58
70
45 122
74
26 72
62
58 61
51
3 125
85
149 179
21
61 66
31
176 53
81
88 169
12
195 66
42
198 71
35
24 184
35
32 8
56
137 61
43
197 75
96
54 63
78
70 7
69
75 122
88
190 72
36
93 139
51
146 2
32
151 80
17
192 118
16
63 4
68
21 7
76
62 8
40
114 198
76
141 72
55
86 136
43
89 141
82
130 179
16
190 193
2
42 66
4
116 15
77
157 16
93
162 131
33
107 195
60
0 69
3
19 82
51
46 185
7
65 198
69
32 21
11
118 24
28
49 190
90
123 139
62
16 13
61
150 13
34
7 193
73
134 5
96
53 80
65
172 31
60
92 8
61
14 88
20
5 39
24
132 80
50
192 131
81
151 93
71
137 195
22
150 134
23
62 21
80
134 126
96
34 188
91
125 77
8
166 78
9
23 29
1
138 16
55
28 144
43
157 29
32
96 19
72
113 188
94
46 198
33
99 24
30
118 37
54
120 83
1
92 21
33
138 137
3
157 150
99
96 140
91
8 27
84
27 40
39
159 196
38
11 32
54
30 45
56
164 45
99
117 199
53
76 161
69
84 22
88
6 102
46
23 42
67
138 29
29
64 43
36
9 144
38
196 199
45
96 32
98
8 148
5
127 99
23
99 37
10
140 38
94
85 102
52
30 166
54
57 40
26
117 91
11
62 155
27
103 156
77
15 43
46
59 86
50
152 48
42
97 112
88
23 163
1
196 91
20
182 156
29
8 40
2
94 43
89
27 53
25
11 45
69
71 96
78
112 97
78
76 174
63
115 102
83
1 0
64
147 54
93
18 169
64
45 43
57
64 56
65
50 158
26
11 166
95
126 116
91
145 166
19
24 105
42
103 169
53
189 172
97
15 56
47
101 59
9
106 174
69
18 61
89
174 49
94
119 113
78
91 51
29
75 43
25
167 46
65
112 110
41
186 59
100
98 175
18
10 62
14
115 115
23
54 105
37
12 108
98
77 8
33
94 177
30
186 180
53
165 57
43
24 118
6
101 72
90
40 62
47
155 49
83
86 178
73
158 54
48
77 129
9
195 121
53
52 72
42
151 14
31
10 75
10
63 167
87
156 129
40
101 193
8
51 76
100
82 180
74
54 118
48
67 57
65
141 6
43
86 70
28
158 175
91
58 8
3
144 11
26
130 113
81
70 62
71
149 126
35
116 178
72
47 78
34
162 65
81
88 116
11
181 78
56
107 129
85
46 119
48
10 196
97
49 124
51
68 137
82
183 124
9
141 127
24
53 14
100
125 119
56
70 183
79
56 19
18
28 186
19
176 121
67
47 199
28
0 124
10
74 73
71
19 137
53
179 126
71
46 11
38
32 76
75
192 65
85
82 193
64
49 16
99
150 68
39
169 81
11
134 60
4
26 32
82
141 19
69
199 189
85
70 75
90
144 24
66
171 127
53
190 140
63
9 65
34
47 91
65
88 129
33
146 70
18
123 86
80
7 140
66
153 194
95
34 14
81
20 79
100
180 68
2
39 92
93
138 71
39
83 135
95
129 22
2
0 137
22
159 130
64
178 143
65
117 133
70
62 197
61
139 151
11
37 140
42
50 79
85
41 30
39
127 33
14
25 22
36
90 151
72
117 25
28
48 154
98
180 81
99
92 197
57
39 105
67
166 146
17
185 159
5
23 97
7
36 36
100
196 25
64
41 151
58
127 154
28
159 143
39
57 95
9
2 159
21
117 146
28
136 159
79
115 36
73
139 164
83
133 90
2
124 41
100
108 33
90
113 148
95
25 35
100
85 49
42
112 152
65
131 165
82
184 28
70
84 90
49
122 116
6
6 170
3
17 36
30
163 90
57
108 154
14
127 167
95
80 55
24
184 149
49
2 172
36
175 100
100
142 152
7
59 154
95
188 39
11
119 168
30
105 41
9
36 170
14
196 159
95
94 111
9
154 162
86
126 63
67
198 168
36
186 114
47
98 1
61
84 103
74
10 117
37
142 44
2
105 162
94
77 63
40
176 42
74
135 4
42
140 119
31
79 109
79
24 173
34
184 162
78
10 9
78
156 63
95
101 127
34
54 52
83
169 2
12
174 117
90
193 130
29
89 9
8
190 61
82
80 189
12
52 127
100
79 1
88
82 6
22
49 58
36
54 173
10
128 122
98
73 186
39
188 173
95
12 176
3
86 125
11
191 178
86
158 1
42
70 117
25
58 63
53
190 182
64
42 55
90
116 4
69
176 55
46
47 133
40
135 17
27
102 69
5
107 184
81
88 171
74
179 60
56
32 10
73
123 128
44
156 76
54
197 77
13
150 2
9
21 117
8
141 182
36
153 7
27
58 184
4
177 135
49
144 187
42
111 10
1
171 61
38
116 125
92
135 138
73
47 25
4
0 179
9
129 64
38
19 192
68
74 128
43
5 28
43
165 17
59
32 131
62
51 144
18
156 197
81
104 7
56
49 71
26
123 20
9
35 136
100
62 10
3
26 87
53
53 190
94
86 138
1
180 2
80
144 79
4
130 181
58
171 182
29
190 195
86
28 133
28
157 18
88
88 184
37
160 23
80
159 64
82
49 192
17
178 77
9
136 80
4
7 195
6
141 195
88
34 69
83
153 20
16
139 85
9
37 74
80
56 87
3
83 190
42
14 90
8
113 69
30
13 131
8
132 82
36
187 18
46
16 136
84
145 21
3
48 88
46
122 37
90
34 190
19
134 128
44
172 154
18
166 80
81
111 144
19
124 83
1
129 198
11
160 36
17
113 190
61
145 142
28
178 90
26
117 80
22
76 42
30
136 93
6
120 85
82
139 98
2
4 139
15
152 37
8
196 80
40
96 142
43
113 82
44
118 160
77
11 34
57
71 85
57
76 163
27
189 40
14
166 93
16
50 147
13
85 104
59
30 168
35
76 55
19
84 145
82
103 158
46
122 171
95
15 45
22
20 160
87
59 88
80
4 152
18
64 166
23
36 104
53
55 117
35
22 169
67
11 47
54
52 48
60
57 163
21
131 112
96
115 104
92
15 166
62
175 155
35
188 94
3
191 99
12
66 104
92
126 118
23
79 43
28
142 99
81
114 0
61
155 38
13
174 51
15
31 2
30
17 104
83
3 169
96
182 171
73
112 112
78
98 177
68
65 0
38
156 118
37
109 43
59
174 172
51
191 112
31
63 48
40
21 51
33
40 64
17
174 64
80
72 16
89
163 171
55
116 59
44
121 174
50
148 11
14
19 126
90
46 0
100
65 13
73
192 54
43
63 169
70
82 182
54
49 5
75
68 18
21
21 172
30
7 8
19
174 185
50
144 13
33
42 2
16
88 118
88
162 67
63
93 196
41
65 134
42
151 137
24
10 198
2
137 10
34
49 126
51
128 190
96
40 77
61
26 142
32
172 196
47
180 57
46
72 29
40
70 185
67
39 81
84
157 73
4
162 188
45
0 126
14
19 139
15
93 88
70
13 65
11
32 78
51
192 67
37
104 183
20
51 91
52
197 145
11
21 185
9
95 134
72
40 198
86
81 199
60
169 83
93
155 185
9
134 62
24
34 124
71
53 137
49
72 150
91
158 190
71
125 13
3
70 77
1
171 129
95
116 193
6
190 142
15
160 199
66
113 124
51
187 73
4
13 186
17
49 139
71
164 89
84
136 27
92
81 91
55
67 193
23
34 16
10
180 70
10
125 134
65
70 198
97
185 148
43
78 22
32
138 73
68
97 35
97
102 150
30
143 151
5
196 14
50
96 76
40
41 140
65
113 16
85
99 81
85
44 145
86
173 30
74
118 94
85
32 91
73
76 97
63
175 76
9
194 89
93
185 40
36
138 194
47
97 156
55
69 94
51
196 135
38
96 197
43
129 145
17
55 159
70
8 84
76
41 32
7
113 137
38
187 86
32
13 199
59
29 143
83
161 33
43
92 199
81
185 161
36
78 35
91
143 164
13
154 30
84
38 84
73
131 46
24
117 148
53
76 110
27
29 35
37
73 41
23
18 105
81
6 51
37
105 30
45
108 35
98
127 48
64
11 102
93
85 51
3
184 30
76
188 149
69
6 172
96
64 113
99
191 154
27
17 38
69
77 52
97
182 105
46
57 110
64
24 162
27
184 151
85
115 51
22
59 156
88
133 105
93
147 3
32
119 170
99
17 159
84
91 108
96
149 49
46
126 65
81
112 167
67
167 103
31
24 54
50
84 105
65
68 60
83
87 110
58
183 47
97
54 162
58
86 114
6
31 178
56
191 167
4
177 3
52
89 119
74
22 129
28
135 6
89
176 44
31
195 57
41
181 122
48
63 103
68
51 12
46
142 167
10
183 168
27
119 183
27
31 70
27
130 49
2
162 1
71
93 130
97
5 17
53
10 132
50
137 173
81
156 186
35
123 9
24
68 73
57
40 11
15
26 76
85
12 178
67
58 65
9
61 70
55
176 57
71
74 9
67
19 73
98
146 114
46
179 62
41
63 116
18
183 181
80
21 119
100
40 132
83
114 81
5
153 9
100
58 186
83
144 189
20
37 63
75
111 12
87
171 63
57
116 127
59
148 79
97
51 146
55
169 138
41
26 89
1
153 130
52
141 76
46
23 20
20
190 197
82
88 186
45
129 187
6
96 10
85
60 87
13
44 79
12
76 31
8
150 17
72
136 82
46
117 69
80
153 22
89
20 136
32
180 125
32
120 74
27
37 76
75
97 90
8
9 14
55
50 15
47
14 92
46
113 71
57
13 133
12
32 146
71
159 187
49
118 149
73
173 85
65
30 36
44
90 87
72
150 138
83
20 28
10
6 93
42
166 82
42
23 33
40
50 136
89
182 26
66
127 90
69
113 192
30
99 28
21
118 41
25
104 143
5
16 30
40
122 160
91
175 23
3
106 152
85
36 93
51
69 41
23
113 84
39
154 85
67
99 149
9
173 98
31
30 49
63
145 36
93
131 101
68
76 165
85
115 93
10
15 155
76
48 103
6
87 31
89
92 146
50
166 95
4
4 33
86
124 98
26
110 163
61
22 50
27
182 39
27
121 29
50
66 93
38
38 31
36
184 85
98
98 45
42
15 47
25
1 112
73
106 165
10
45 155
28
36 106
7
96 157
10
99 162
6
11 49
19
38 152
29
84 39
83
43 1
22
189 55
85
101 171
40
1 4
43
128 45
72
54 96
60
147 58
23
22 63
88
8 165
50
149 104
48
11 170
34
52 171
81
167 158
56
186 171
23
43 122
77
101 63
76
100 104
99
158 45
55
58 107
99
163 160
83
182 173
30
176 99
38
195 112
52
52 63
20
93 64
65
170 55
42
156 120
38
155 161
7
12 112
31
191 114
69
70 53
70
89 66
66
190 118
42
162 56
83
33 171
2
126 133
6
5 72
15
123 64
14
109 166
85
128 179
98
67 169
82
141 118
99
26 131
38
58 120
71
61 125
8
47 190
48
80 138
1
162 177
23
179 117
58
165 182
93
63 171
15
82 184
52
156 133
83
68 20
35
183 7
33
95 123
87
169 72
76
158 179
15
9 56
26
28 69
76
102 18
26
33 184
84
74 185
35
129 121
65
162 69
46
0 7
51
132 126
26
32 188
85
192 177
82
109 179
22
62 67
43
67 182
6
153 185
20
34 5
97
53 18
13
185 137
88
37 10
49
116 74
92
28 190
45
14 26
20
160 80
6
151 31
87
51 93
86
192 69
52
123 198
86
35 85
49
95 136
20
153 77
43
53 139
62
199 193
24
125 15
58
166 16
44
111 80
79
83 18
83
124 19
6
69 83
51
148 147
77
60 34
36
187 75
66
132 139
12
27 86
41
151 152
50
192 190
21
16 193
31
164 91
25
134 185
96
120 21
75
139 34
91
166 137
78
97 37
51
138 75
56
36 27
95
55 40
50
160 93
78
118 96
98
159 134
2
90 34
96
2 150
11
29 24
16
134 77
32
194 91
45
139 155
91
152 94
44
50 83
81
69 96
67
110 97
61
96 199
11
25 26
14
11 91
9
145 91
3
184 19
43
2 42
81
43 43
8
84 81
31
134 198
54
106 99
21
166 150
51
196 29
96
182 94
77
127 158
44
44 160
45
140 97
93
38 86
58
43 164
88
29 37
82
115 40
91
59 145
37
97 171
58
105 32
31
55 174
62
8 99
38
94 102
79
170 97
78
142 35
48
161 48
43
73 164
37
147 113
70
188 151
13
106 112
2
59 37
58
64 115
63
3 105
91
163 94
89
108 158
75
168 172
17
38 99
84
79 100
62
15 115
94
142 156
87
1 180
29
147 5
47
17 161
44
191 48
5
75 102
76
47 3
19
88 41
50
181 3
33
167 105
99
112 169
36
186 118
29
109 100
6
142 48
10
40 0
72
100 51
61
191 169
72
3 118
69
42 46
75
135 8
96
195 59
89
19 62
19
79 113
27
165 116
22
198 64
13
65 178
51
197 68
90
169 6
75
171 52
97
190 65
39
28 3
81
19 183
28
51 135
18
109 113
2
183 62
4
54 177
58
114 191
36
26 78
26
70 121
65
89 134
22
83 60
22
116 8
7
181 137
36
148 189
80
19 75
53
46 178
74
165 129
91
65 191
49
183 183
1
53 73
88
72 86
21
58 188
77
111 14
70
116 129
1
9 3
88
148 81
71
113 60
61
5 32
88
187 9
69
146 8
56
151 86
95
49 75
43
145 12
54
150 127
18
62 14
85
122 28
56
153 132
18
69 138
96
88 188
47
41 76
85
187 130
86
25 68
16
99 17
100
118 30
48
104 132
4
49 196
68
178 81
100
164 146
49
7 199
44
175 12
58
120 76
96
194 25
74
139 89
27
78 79
49
152 28
44
23 143
92
111 27
63
69 30
24
8 20
2
187 22
65
99 138
67
30 38
60
71 76
75
35 153
83
150 140
56
120 197
56
153 145
38
20 30
37
106 33
50
152 149
97
64 36
62
9 137
65
138 22
64
143 100
82
127 92
36
27 154
48
113 194
5
99 30
9
44 94
12
164 159
74
2 97
3
117 84
55
76 46
35
122 162
95
106 154
8
180 140
89
196 84
50
182 149
25
8 33
25
94 36
3
173 100
81
57 154
6
131 103
31
29 92
79
15 157
33
175 146
47
18 162
80
92 148
44
6 108
72
105 87
37
124 100
51
110 165
10
163 28
15
27 167
95
66 95
100
11 159
82
186 160
21
38 33
47
15 49
77
161 103
79
147 168
2
18 54
98
45 157
29
182 162
68
140 165
80
33 39
56
38 154
57
186 52
21
198 106
14
175 159
47
87 46
82
128 47
4
86 50
88
75 157
97
80 6
84
33 160
72
107 109
77
121 44
35
24 111
91
98 60
38
84 162
40
63 39
84
101 65
52
183 104
87
114 4
44
100 106
77
158 47
24
58 109
96
177 60
15
89 176
1
163 162
64
22 186
96
75 49
40
116 50
22
61 114
42
80 127
88
33 52
65
198 119
74
192 45
39
82 173
77
101 186
43
68 9
42
155 163
81
67 50
24
172 66
22
72 128
83
135 184
15
28 58
79
102 7
31
47 71
85
61 6
97
107 122
96
52 186
43
181 71
70
146 50
8
5 74
69
46 112
7
10 189
64
170 178
14
68 130
69
197 15
13
128 181
12
21 55
81
40 68
80
114 17
94
26 133
44
67 171
36
81 69
10
58 122
88
56 12
20
61 127
68
102 128
25
93 79
58
165 184
85
46 4
95
32 69
73
192 58
95
137 122
17
123 187
41
12 127
68
153 66
6
72 141
71
56 133
75
102 20
35
88 122
32
143 21
63
41 10
33
60 23
12
5 87
63
32 190
97
44 15
31
35 195
29
68 143
69
136 18
44
120 10
43
53 20
62
180 61
99
39 85
25
139 23
98
144 138
81
171 12
54
28 192
15
14 28
4
60 144
36
44 136
33
104 187
34
197 149
75
62 190
46
194 80
50
92 69
91
171 133
52
143 34
9
14 149
81
41 23
43
13 190
13
132 141
56
192 192
82
104 79
38
16 195
5
2 31
13
62 82
20
103 83
32
39 98
35
166 139
51
78 26
21
23 90
27
97 39
36
124 142
71
96 80
4
99 85
85
16 87
97
131 37
48
2 152
44
115 29
30
50 85
97
36 150
52
110 99
75
27 101
12
11 93
92
30 106
33
90 157
23
184 21
76
4 90
87
45 91
24
64 104
62
22 107
62
154 34
84
99 98
87
195 35
39
57 101
75
15 104
93
175 93
55
1 169
59
18 109
66
119 161
50
193 110
42
105 34
99
8 101
29
52 107
82
184 34
58
84 96
8
170 99
63
128 102
87
64 117
37
163 96
32
80 61
16
66 163
82
85 176
14
126 177
33
79 102
76
82 107
95
1 182
54
114 59
83
174 110
57
12 48
55
58 164
79
75 104
29
61 169
58
181 5
47
126 69
16
112 171
2
5 8
9
49 51
54
123 0
80
109 102
42
68 64
11
54 166
70
73 179
97
188 166
28
183 51
50
86 118
63
58 56
31
144 59
67
121 112
97
0 51
81
74 0
80
24 179
42
35 8
3
169 8
91
100 174
92
53 62
75
72 75
18
70 2
41
89 15
10
28 5
35
47 18
60
0 172
92
74 121
15
129 57
29
93 134
44
33 120
15
46 59
58
5 21
77
32 124
33
165 10
46
151 75
35
192 113
56
51 137
90
49 64
84
123 13
17
109 115
12
54 179
53
169 129
60
21 2
81
26 80
48
86 131
91
39 19
23
130 174
46
171 175
85
56 188
62
190 188
18
9 113
60
83 62
66
157 11
77
28 126
33
42 61
33
107 190
58
160 16
14
146 118
80
5 142
76
123 134
6
16 8
56
21 123
87
95 72
76
34 62
97
53 75
6
139 78
59
199 129
87
56 80
99
83 183
96
28 18
4
13 124
54
151 88
58
145 14
41
90 78
30
35 142
12
81 29
70
134 121
62
122 30
23
20 19
34
180 8
88
39 32
76
166 73
42
111 137
36
185 86
98
4 11
52
143 89
94
129 191
28
41 78
54
146 131
30
132 196
4
159 70
36
57 22
93
2 86
78
20 140
79
152 30
68
23 145
93
50 19
76
69 32
80
14 96
44
110 33
54
173 89
51
90 91
55
76 156
5
29 81
36
34 196
81
120 199
85
6 97
17
152 151
98
23 37
35
105 76
10
143 102
67
99 32
41
85 97
94
30 161
33
71 199
27
76 48
6
20 153
42
106 156
71
4 145
60
152 43
82
105 197
26
138 145
18
99 153
45
11 40
17
112 92
6
103 43
22
6 110
1
147 49
35
105 89
41
64 51
94
110 167
97
182 43
85
66 97
88
11 161
52
126 111
83
167 149
90
84 151
20
43 113
96
103 164
68
161 105
49
45 159
35
177 49
26
22 175
97
182 164
39
94 51
1
168 0
58
121 154
2
195 103
39
33 41
48
38 156
92
112 105
100
98 170
55
115 110
95
82 162
17
109 36
84
18 177
52
86 52
75
3 54
61
94 172
53
168 121
99
121 46
16
47 60
31
126 124
23
186 175
12
79 49
32
165 52
95
63 41
89
82 54
65
183 106
36
128 170
57
1 129
71
155 44
93
114 6
38
45 172
93
3 175
38
56 1
27
121 167
97
162 168
34
93 68
20
179 108
91
198 121
5
137 111
5
51 71
100
156 124
13
114 127
3
141 1
47
86 65
33
172 68
58
31 129
59
72 130
45
177 183
16
47 73
62
33 175
72
104 55
66
197 17
22
169 184
17
21 57
70
26 135
27
172 189
90
125 114
42
58 124
8
37 1
19
42 116
84
116 65
55
102 130
20
14 17
35
129 4
95
148 17
34
160 71
97
46 6
34
151 22
40
104 176
60
197 138
19
90 12
85
35 76
91
21 178
48
169 76
4
67 65
25
53 130
2
199 184
11
171 122
71
116 186
73
190 135
52
157 187
39
9 60
81
160 192
1
132 130
65
123 81
5
164 82
6
35 197
43
62 71
82
81 84
87
67 186
79
39 87
22
125 127
70
111 192
97
185 141
15
96 69
12
129 17
13
160 84
58
60 146
81
187 187
64
41 133
72
99 74
35
104 189
33
131 26
75
2 141
71
76 90
53
53 143
3
139 146
77
194 82
50
97 149
64
9 73
83
196 128
13
55 152
21
129 138
33
113 130
2
27 90
13
159 17
57
16 197
75
103 85
36
48 149
71
122 98
70
134 189
91
161 26
66
92 192
9
166 141
70
59 15
49
4 79
68
9 194
13
36 31
3
182 85
39
159 138
42
136 154
36
29 28
45
175 82
100
180 197
29
97 162
49
55 165
64
27 103
67
154 144
61
11 95
35
71 146
45
145 95
58
112 147
54
84 85
14
29 149
66
103 98
39
115 152
37
48 162
66
87 90
54
106 103
64
22 109
22
168 163
23
154 36
11
66 152
43
98 104
40
43 168
18
15 106
73
161 160
52
54 34
69
119 163
28
193 112
27
17 152
71
177 104
94
130 29
81
75 93
90
149 42
77
168 55
11
195 158
27
115 165
4
101 1
32
45 106
62
58 45
46
3 109
74
22 122
22
80 63
69
66 165
49
126 179
54
52 1
99
198 55
96
98 117
98
184 157
7
43 181
9
24 168
33
63 96
60
10 4
54
51 5
60
101 122
61
1 184
19
54 47
6
40 112
33
155 99
11
114 61
23
12 50
7
31 63
41
17 165
52
58 166
13
72 64
6
181 7
24
170 114
82
82 1
73
67 107
96
141 56
81
172 123
6
89 125
17
190 177
6
176 50
54
47 128
36
162 115
39
46 169
43
5 131
40
35 10
17
95 61
44
81 126
36
158 117
49
199 118
84
144 182
24
72 77
36
111 5
88
116 120
58
129 59
88
156 192
63
197 193
17
104 2
52
164 16
79
169 131
91
81 18
84
67 120
14
125 61
76
111 126
90
171 177
100
148 193
46
41 67
45
74 15
26
146 120
38
46 182
19
165 133
22
65 195
14
151 198
84
13 5
83
32 18
100
178 72
19
164 137
98
16 10
70
183 187
4
7 190
97
136 75
39
153 15
13
20 129
43
194 16
52
185 196
88
37 69
68
138 121
31
0 187
26
113 64
40
44 193
54
173 78
25
145 16
75
150 131
5
7 82
90
103 19
52
20 21
34
106 24
1
6 86
17
166 75
6
111 139
5
39 34
65
138 13
24
41 80
41
132 198
77
99 21
3
104 136
23
164 150
17
76 37
9
122 153
65
120 80
98
139 93
16
39 155
28
180 131
90
4 134
48
83 198
25
157 147
84
50 21
24
196 75
83
27 37
10
30 42
39
29 83
97
103 32
77
134 136
88
34 198
43
106 37
30
92 139
73
4 26
80
196 196
92
163 19
86
96 29
18
127 96
81
27 158
56
187 147
37
11 150
7
85 99
6
186 151
37
57 37
70
98 38
3
43 102
30
175 29
72
161 94
100
59 83
38
4 147
73
119 97
6
105 199
73
193 46
63
17 86
50
36 99
14
110 48
6
96 150
53
22 164
22
154 91
42
29 96
67
115 99
13
87 37
92
188 89
15
64 53
49
91 156
35
110 169
61
3 43
22
22 56
81
75 148
50
94 161
72
182 45
45
85 112
93
186 164
88
128 159
38
40 46
49
100 97
23
174 46
10
163 153
28
77 113
46
121 156
57
181 170
87
52 56
53
126 5
90
93 57
72
179 97
80
79 159
12
38 158
51
82 164
74
68 0
7
147 64
91
174 167
2
193 180
2
31 118
78
177 172
2
70 46
7
75 161
91
149 110
17
94 174
29
52 177
21
79 51
89
170 169
33
123 57
92
68 121
53
109 159
66
21 46
76
40 59
5
114 8
61
155 46
80
3 177
76
89 180
62
42 105
52
47 183
5
80 131
25
181 183
9
179 110
95
192 49
20
197 127
17
49 0
11
183 0
28
150 52
47
21 167
35
174 180
26
12 118
48
53 119
18
72 132
57
177 185
46
171 111
79
47 75
45
162 62
86
46 116
27
192 170
43
10 193
94
63 56
11
178 6
78
123 70
89
109 172
87
68 134
24
136 9
95
125 116
100
70 180
1
116 67
20
28 183
31
148 19
51
13 60
56
90 14
76
150 65
62
81 194
19
7 16
67
139 135
73
172 83
90
72 145
95
92 60
45
37 124
85
14 140
64
74 191
72
41 14
72
146 67
76
32 194
94
25 6
80
44 19
69
104 70
11
178 19
95
90 135
80
35 199
15
169 199
75
136 22
25
122 87
40
153 191
68
139 27
22
199 78
78
166 130
72
185 143
54
4 68
12
23 81
70
9 183
96
138 68
53
143 146
76
55 33
59
25 127
24
13 73
41
173 25
63
118 89
7
57 79
47
131 28
87
76 92
15
62 194
16
117 130
77
29 17
13
139 148
1
37 137
48
127 30
12
13 194
22
99 197
48
71 135
75
117 22
33
103 87
44
87 79
29
20 89
4
4 81
98
23 94
50
64 95
9
119 31
45
50 197
6
36 33
29
196 22
18
108 138
18
99 89
84
117 143
86
59 138
71
193 101
81
97 164
96
17 141
4
110 103
3
55 167
56
8 92
77
11 97
99
52 98
14
85 46
6
112 149
33
24 36
66
43 49
100
170 90
19
1 52
53
161 41
86
73 157
42
17 33
7
3 98
19
108 151
99
182 100
31
195 39
44
126 168
98
24 157
85
15 108
97
54 36
53
59 151
7
177 106
33
36 167
34
75 95
18
195 160
55
107 47
59
167 98
99
112 162
21
126 60
95
1 65
37
128 106
88
12 160
27
45 108
89
144 50
31
77 60
47
149 165
63
79 106
69
65 171
65
156 60
41
197 61
21
101 124
83
95 50
73
31 65
83
158 106
23
172 4
19
77 181
9
135 122
86
88 47
52
65 63
26
114 184
69
40 6
3
141 58
24
172 125
56
31 186
3
89 127
14
102 66
63
47 130
20
148 182
42
160 7
22
165 122
22
65 184
50
151 187
39
32 7
4
104 112
40
49 176
75
123 125
71
197 74
69
183 176
99
35 12
7
26 192
22
53 66
69
125 171
78
199 120
55
42 173
66
116 122
53
61 186
81
157 123
73
69 10
46
14 74
45
0 176
31
148 74
25
93 138
26
146 1
51
13 115
36
32 128
10
151 79
47
51 141
75
49 68
88
164 18
59
150 120
43
7 71
69
153 125
63
199 12
68
166 64
63
190 192
66
102 79
85
143 80
92
129 182
40
88 181
62
41 69
90
146 122
70
187 123
65
132 187
97
32 20
22
76 26
38
7 192
64
122 142
67
34 66
42
120 69
77
37 71
5
152 21
83
50 10
17
55 88
9
160 141
10
187 15
33
173 80
40
44 195
10
136 198
38
103 21
94
122 34
18
152 142
63
64 29
50
124 80
2
182 21
35
27 147
73
71 190
54
145 139
17
164 152
99
38 13
35
57 26
4
2 90
71
76 39
58
18 34
18
196 77
64
182 142
18
8 26
38
25 195
39
154 80
56
173 93
24
118 157
42
38 134
87
145 31
83
115 88
16
103 34
45
175 139
10
6 101
44
124 93
21
110 158
78
8 147
65
66 88
78
38 26
17
184 80
39
103 155
45
1 107
88
87 147
28
59 85
53
64 163
91
154 93
3
140 158
62
167 32
46
131 109
69
84 34
42
189 50
91
87 39
87
54 91
25
188 91
26
110 171
2
94 163
34
168 112
33
140 50
9
107 102
66
167 153
78
52 166
16
101 58
74
155 35
57
174 48
31
58 102
95
177 53
24
3 166
72
61 107
22
181 172
66
98 174
59
151 0
14
51 62
94
10 61
84
109 40
31
68 2
46
128 53
38
193 182
9
86 56
27
31 120
19
70 48
4
89 61
28
75 163
92
116 164
70
162 51
18
107 115
58
126 128
35
65 118
75
63 45
46
123 59
71
141 113
9
53 0
12
72 13
16
58 115
10
181 185
57
146 164
96
79 174
47
165 177
55
5 188
5
32 62
84
192 51
31
90 3
32
35 67
16
114 131
44
155 169
39
144 10
64
56 126
10
135 190
92
28 64
9
102 13
12
148 129
67
60 16
34
5 80
59
132 121
5
32 183
15
65 131
77
44 8
29
123 72
81
197 21
93
150 175
25
68 136
32
109 174
21
136 11
91
153 180
64
34 0
9
172 193
98
53 13
99
180 54
7
39 78
4
199 67
98
70 182
2
37 5
51
138 57
97
118 78
54
150 67
86
95 131
100
48 19
86
153 72
86
53 134
45
199 188
47
111 75
72
56 139
88
50 65
92
148 142
20
160 196
82
187 70
3
132 134
32
30 86
83
90 137
36
117 11
78
62 75
54
136 24
51
134 180
4
120 16
48
180 67
82
166 132
6
78 19
34
157 83
87
28 198
29
143 148
15
124 135
90
96 73
50
44 142
73
104 193
32
145 194
98
62 196
70
15 84
95
175 73
80
134 72
96
20 199
50
37 139
100
99 199
17
66 22
45
71 137
76
145 86
22
184 14
31
134 193
36
189 92
42
166 145
85
105 135
13
64 97
24
50 199
75
17 22
35
36 35
74
55 48
82
108 140
9
127 153
69
154 27
79
25 142
63
85 156
4
57 94
50
2 158
75
117 145
36
115 35
27
101 100
68
120 150
50
161 151
93
133 89
97
152 102
56
110 105
75
196 145
14
8 94
44
52 100
74
24 38
71
184 27
65
84 89
63
170 92
57
29 153
37
189 105
63
128 95
50
100 33
62
119 46
15
17 35
55
61 41
65
176 28
99
85 169
19
38 94
75
1 175
65
114 52
41
100 154
14
119 167
42
91 105
100
135 111
3
176 149
93
52 113
87
167 100
84
170 105
21
26 60
46
70 103
48
3 113
97
77 62
62
149 167
4
47 119
55
162 106
56
107 170
16
126 183
32
179 46
87
93 6
90
165 111
62
63 100
7
82 113
60
123 114
40
68 178
42
142 164
11
21 103
9
169 1
33
40 116
12
174 116
79
141 168
92
144 173
30
61 175
10
176 162
3
198 180
80
151 68
6
137 170
75
197 184
18
68 70
98
169 122
39
114 186
37
141 60
63
53 176
18
172 127
10
130 167
77
171 168
76
190 181
91
9 106
21
162 119
19
5 135
77
65 186
40
104 114
17
49 178
2
16 1
84
81 130
79
34 55
46
153 6
31
180 109
61
125 173
68
139 71
31
144 186
49
116 124
72
69 12
95
14 76
31
60 192
60
46 65
62
187 4
52
132 68
35
145 7
65
150 122
62
95 186
76
62 9
11
7 73
53
122 23
32
53 189
68
20 12
1
180 1
5
199 14
100
56 194
95
4 4
74
23 17
3
138 4
77
157 17
37
143 82
89
160 22
32
60 84
66
113 176
78
5 148
35
159 63
57
164 141
77
16 14
46
2 79
74
76 28
39
62 130
76
7 194
12
48 195
77
166 187
24
196 66
87
27 28
53
99 133
38
173 82
57
44 197
65
145 20
32
16 135
45
29 74
18
152 144
86
23 30
16
105 69
43
143 95
40
196 187
55
108 74
89
182 23
79
44 89
89
71 192
38
2 92
9
84 131
55
43 93
96
106 149
10
4 138
81
23 151
29
64 152
95
17 77
2
91 26
19
196 79
25
108 195
74
182 144
53
55 103
12
94 31
1
25 197
89
99 146
49
11 33
84
57 149
76
84 23
30
103 36
62
73 93
29
106 41
75
133 144
75
147 42
100
18 157
70
188 80
25
64 44
84
191 85
57
163 23
11
22 47
8
108 87
33
38 28
18
79 29
19
103 157
3
106 162
8
147 163
70
59 87
39
18 49
90
77 104
81
163 144
21
135 45
30
121 147
38
33 34
2
57 162
7
189 52
86
73 106
29
188 93
68
193 171
76
130 88
44
168 114
36
47 53
55
167 155
19
68 112
85
183 99
60
45 165
33
119 114
67
58 104
8
77 117
48
176 96
92
74 48
26
19 112
74
179 101
76
156 117
86
54 106
36
95 107
47
158 163
47
130 101
90
93 182
94
151 123
68
51 185
69
104 48
75
169 177
15
81 64
3
141 115
57
72 15
92
58 117
83
144 120
41
89 184
57
199 56
88
190 7
8
60 126
17
165 179
53
151 15
4
51 77
54
178 118
43
137 117
62
197 131
39
155 171
69
114 133
86
7 7
24
56 128
99
9 53
11
88 117
68
60 18
25
146 58
97
151 136
89
49 125
67
90 126
40
123 74
97
136 13
27
81 77
14
67 179
25
153 182
11
134 169
56
122 78
34
120 5
72
20 67
34
70 184
19
144 133
57
23 72
17
9 174
9
138 59
28
28 187
63
143 137
87
196 0
52
118 80
67
123 195
22
197 144
29
90 18
24
35 82
52
76 83
96
2 134
83
150 69
38
134 61
64
153 74
100
53 136
30
199 190
83
37 128
52
23 193
28
152 78
75
56 141
86
97 142
53
9 66
26
143 29
65
160 198
48
41 18
8
127 21
61
13 185
50
159 10
90
30 88
17
16 190
45
90 139
45
164 88
69
71 126
87
194 196
35
111 198
27
9 187
63
138 72
12
83 136
81
96 75
58
127 142
26
25 131
84
99 80
17
44 144
100
159 131
55
118 93
23
71 18
98
117 134
24
76 96
14
115 24
21
48 34
85
194 88
91
6 37
57
4 193
34
59 129
87
152 91
61
138 193
100
50 80
45
124 29
15
108 21
90
27 96
17
154 137
96
186 89
95
131 153
47
184 16
91
87 83
69
161 32
10
106 96
33
92 198
91
121 81
41
115 37
50
18 104
85
133 91
72
174 92
9
191 32
13
91 94
21
36 158
41
110 107
53
163 199
44
77 159
23
130 22
40
149 35
62
112 153
63
186 102
27
198 156
15
54 148
66
100 35
95
17 37
81
61 43
5
121 94
36
140 107
1
179 35
94
24 161
58
98 110
7
198 48
54
156 51
62
142 153
48
73 53
40
47 0
67
33 102
46
88 38
3
167 102
9
179 156
88
126 64
8
170 107
71
73 174
23
141 49
45
31 177
59
172 116
99
70 105
51
144 54
19
61 56
99
102 57
73
181 121
86
146 100
43
5 124
74
165 113
35
137 51
17
51 11
86
123 116
96
68 180
67
183 167
95
21 105
56
172 8
44
72 70
56
129 52
97
132 57
82
49 59
75
150 111
21
81 11
86
26 75
29
67 113
56
172 129
79
72 191
68
39 14
39
56 183
24
190 183
100
9 108
77
0 59
87
160 11
76
60 73
56
132 178
77
65 188
70
151 191
45
118 14
51
104 116
9
178 65
97
123 129
15
197 78
90
68 193
4
16 3
34
35 16
88
21 118
33
95 67
25
76 17
86
53 70
35
144 188
56
185 189
37
157 127
10
27 17
44
187 6
3
151 83
8
51 145
88
164 22
15
150 124
50
62 11
46
20 14
93
106 17
56
92 119
13
6 79
83
4 6
74
171 183
36
138 6
82
69 135
81
14 199
29
143 84
41
187 127
87
71 181
4
76 30
92
136 81
21
15 20
25
120 73
28
139 86
59
125 188
11
166 189
36
180 124
56
39 148
39
78 76
71
41 194
69
127 197
67
160 145
35
27 30
72
154 71
1
30 35
44
76 151
18
117 189
73
189 28
74
122 38
48
175 130
29
152 146
69
4 19
57
96 22
46
113 191
8
25 78
21
85 92
95
38 17
52
2 94
76
43 95
42
122 159
46
175 22
28
1 98
93
106 151
37
18 38
66
59 76
19
119 90
62
55 105
80
8 30
52
25 199
44
173 97
42
38 138
41
167 23
58
57 151
84
131 100
21
84 25
61
189 41
24
175 143
53
87 30
18
31 98
69
163 25
95
182 38
80
66 92
44
126 106
15
43 108
54
142 87
97
45 154
18
193 52
38
158 31
75
91 41
9
22 170
35
94 46
64
135 47
28
195 98
23
79 152
64
82 157
42
156 106
31
109 31
52
128 44
43
73 108
67
18 172
66
188 95
71
67 34
74
12 98
48
191 100
31
3 49
79
80 3
34
88 93
43
52 170
62
181 55
16
79 44
26
165 47
28
65 109
35
170 162
47
21 39
99
147 178
20
26 117
66
86 168
10
72 4
29
58 106
95
3 170
48
89 173
77
77 119
86
42 98
48
61 111
58
135 60
6
33 49
18
101 183
42
95 109
37
114 122
63
174 173
92
12 111
2
144 1
46
56 117
98
75 167
26
89 65
15
135 181
60
47 68
91
162 55
68
60 7
85
151 125
67
10 186
93
21 52
13
62 53
9
67 168
54
53 4
37
139 7
57
199 58
83
56 9
35
116 60
87
160 66
36
148 12
6
118 69
35
51 79
70
104 171
75
197 133
43
21 173
53
169 71
6
48 10
39
34 112
28
53 125
21
172 76
79
180 166
41
185 15
2
157 182
49
28 68
45
69 69
96
160 187
96
93 197
8
5 84
77
187 61
17
104 63
64
178 12
15
90 128
4
34 4
56
20 69
83
125 122
31
199 71
70
166 123
69
70 186
58
23 74
85
9 176
22
97 23
80
41 128
14
60 141
35
187 182
92
118 82
10
123 197
31
164 198
63
76 85
37
48 23
26
34 125
23
175 64
15
194 77
71
78 131
46
138 182
96
97 144
43
50 69
73
14 146
96
110 83
84
55 147
8
13 187
45
25 12
11
85 26
83
71 128
52
131 142
52
122 93
76
153 197
87
20 82
32
161 21
80
6 147
50
4 74
60
78 23
86
23 87
2
64 88
29
124 139
72
17 13
82
182 80
99
8 193
12
99 82
32
159 133
44
38 72
25
57 85
43
76 98
84
43 150
87
194 90
38
73 29
33
6 39
43
188 16
36
94 88
34
168 37
53
154 139
39
66 26
54
85 39
48
71 141
64
186 91
19
87 85
84
147 99
90
59 23
85
64 101
33
124 152
88
108 144
6
127 157
88
176 19
26
98 99
47
156 40
29
101 104
62
142 142
2
59 144
24
77 161
25
130 24
57
75 88
47
80 166
93
154 152
72
33 91
9
186 104
19
198 158
56
24 42
9
10 107
9
189 109
73
68 48
39
54 150
33
188 150
86
12 153
13
119 50
38
58 40
92
3 104
95
89 107
40
163 93
72
80 58
21
195 45
86
121 96
95
162 97
97
198 50
67
137 40
88
183 156
30
155 94
31
31 58
35
158 99
67
77 174
16
75 101
2
116 102
95
33 104
67
19 169
75
46 43
25
65 56
98
192 97
77
137 161
37
109 99
97
95 164
37
169 113
58
128 112
35
31 179
13
130 158
6
88 161
60
93 10
56
165 115
83
178 54
35
197 67
97
183 169
100
21 107
93
53 59
94
125 164
10
111 0
39
56 64
3
42 166
12
69 3
36
14 67
61
148 67
56
5 18
42
132 59
40
151 72
40
137 174
73
49 61
8
169 126
11
62 0
81
7 64
47
172 131
28
20 3
27
125 56
69
70 120
45
37 172
91
9 110
52
157 8
52
47 136
73
0 61
69
46 177
26
151 193
82
13 0
91
32 13
25
164 132
17
150 5
86
153 10
14
199 126
85
185 191
71
37 64
82
56 77
66
23 129
27
69 16
31
55 81
8
8 6
80
13 121
49
187 8
25
145 11
35
117 178
6
103 14
45
34 180
1
139 196
11
111 134
64
97 199
42
9 123
83
64 22
64
50 124
18
69 137
29
143 86
99
129 188
49
187 129
97
173 194
16
159 67
42
90 196
41
117 70
10
136 83
88
122 148
13
20 137
13
106 140
66
18 27
71
124 194
39
91 17
41
27 32
51
154 73
57
118 150
48
112 76
93
117 191
70
115 81
35
175 132
20
120 196
7
194 145
10
87 19
73
133 135
61
166 83
70
50 137
37
124 86
25
127 91
28
113 193
87
112 197
42
122 161
43
87 140
58
1 100
19
161 89
9
174 28
77
45 143
36
193 41
82
17 81
90
177 33
13
163 135
79
108 199
2
182 148
74
75 22
95
80 100
92
195 87
4
140 151
33
57 153
45
170 30
31
115 94
50
101 159
38
128 33
24
110 164
50
22 51
85
11 158
28
79 33
9
43 110
88
84 148
82
63 25
97
101 51
37
128 154
44
40 41
64
155 28
90
158 33
96
163 148
28
116 36
28
19 103
33
167 38
81
179 92
31
98 167
70
10 54
17
170 43
23
193 175
6
172 52
95
191 102
14
31 113
55
91 164
17
149 105
79
94 169
34
162 44
23
126 121
77
79 46
92
10 175
32
170 164
83
197 1
17
21 41
65
147 180
94
100 105
38
58 108
76
42 100
70
61 113
69
165 170
85
137 108
38
82 172
32
123 173
80
156 121
76
68 8
60
21 162
96
150 47
68
35 60
76
95 111
10
185 4
2
171 106
34
190 119
37
28 57
67
102 6
66
47 70
60
46 111
45
32 176
9
65 124
66
151 127
25
44 1
42
178 1
8
49 116
18
68 129
82
109 167
83
123 65
83
62 55
82
67 170
80
89 188
21
9 165
80
83 114
80
102 127
32
47 191
9
74 65
34
160 68
60
60 130
97
123 186
92
90 9
78
35 73
37
150 60
72
62 176
59
7 11
4
48 12
48
34 114
2
92 55
69
111 68
85
185 17
45
69 71
85
129 122
55
148 135
87
187 63
21
25 1
2
151 140
73
44 14
100
104 65
66
90 130
97
117 4
91
136 17
95
20 71
100
92 176
73
166 125
51
78 12
68
9 178
9
196 4
35
41 130
90
127 133
23
27 195
67
187 184
15
154 7
67
25 122
38
44 135
93
131 23
55
134 65
39
4 184
29
157 197
54
50 71
97
196 125
12
55 149
91
96 187
34
27 87
100
187 76
74
99 192
90
30 92
19
189 85
11
122 95
89
106 87
64
6 149
87
119 26
74
64 90
26
50 192
40
196 17
19
55 41
3
108 133
33
127 146
75
8 195
45
96 79
89
154 20
93
66 136
37
25 135
61
38 74
60
120 143
14
161 144
94
188 18
87
152 95
67
105 20
92
149 26
18
8 87
73
131 157
48
24 31
91
188 139
94
59 25
99
100 26
73
58 29
27
3 93
89
61 34
72
121 85
99
66 149
18
179 26
49
115 41
2
101 106
73
1 168
32
161 157
12
18 108
59
59 146
14
174 96
13
193 109
49
31 47
61
158 88
57
91 98
73
168 52
36
135 104
98
195 155
83
176 142
53
179 147
64
112 157
17
198 160
31
10 109
80
156 163
20
54 152
24
73 165
3
26 53
97
45 103
80
31 168
63
58 42
12
130 147
87
162 99
97
179 39
57
1 181
29
100 160
80
72 61
85
158 101
43
135 117
77
80 181
62
176 155
74
179 160
34
46 45
23
5 7
44
192 99
99
10 122
25
51 123
42
54 165
59
169 115
30
7 53
3
26 66
5
141 53
29
172 120
60
162 112
16
148 177
73
60 64
71
32 2
7
51 15
63
136 59
65
7 174
61
26 187
51
53 61
13
0 171
100
160 123
77
132 61
9
32 123
8
197 190
58
145 0
26
35 128
8
164 13
31
150 115
4
169 128
2
81 15
67
134 107
7
53 182
95
56 187
95
14 190
15
60 77
84
13 2
29
99 5
49
44 69
53
159 56
27
90 185
30
136 72
58
180 115
55
39 139
50
185 193
19
111 15
63
138 118
6
83 182
70
50 5
47
14 82
97
129 69
38
8 8
95
178 190
73
90 77
15
84 3
55
48 80
19
122 29
55
120 185
73
175 121
29
34 182
21
139 198
14
20 18
64
37 187
21
4 10
100
105 62
70
143 88
6
127 80
89
113 182
98
140 19
58
71 185
5
164 147
69
38 8
4
57 21
62
2 85
85
117 72
23
43 86
60
62 136
57
15 24
46
59 67
40
108 188
55
182 137
99
96 134
17
41 198
100
94 24
80
118 152
82
38 129
49
112 78
4
29 80
89
115 83
32
161 199
43
194 147
39
105 75
52
50 139
73
163 16
16
108 80
42
94 145
37
85 96
18
126 97
75
84 137
6
142 78
73
1 102
17
161 91
96
147 156
98
59 80
55
4 144
62
174 30
99
119 94
77
193 43
71
100 81
56
22 161
21
182 150
37
154 88
67
52 40
51
38 142
6
112 91
62
186 40
52
98 156
4
156 97
97
133 150
3
12 89
25
45 37
4
31 102
20
91 153
84
3 40
51
89 43
72
94 158
77
66 96
37
107 97
92
52 161
67
126 110
65
79 35
82
184 88
53
10 164
28
63 27
5
68 105
90
128 156
74
147 169
70
40 43
70
100 94
27
45 158
94
177 48
23
77 110
35
3 161
60
75 37
51
176 89
65
33 40
4
74 41
52
98 169
87
109 35
74
128 48
95
169 49
13
174 164
49
172 54
85
72 116
31
146 38
6
46 100
95
151 116
74
10 177
32
104 41
61
68 118
48
183 105
14
109 156
83
169 170
20
72 8
7
58 110
14
125 100
37
89 177
92
56 0
10
190 0
38
102 116
71
28 167
27
0 105
53
179 107
85
5 183
79
146 159
5
192 46
62
151 8
69
82 174
39
35 62
64
150 49
60
21 164
46
81 178
19
134 41
28
153 54
16
172 67
36
199 170
45
116 172
94
9 46
93
143 9
63
146 51
96
187 52
76
2 6
50
153 175
23
53 8
61
125 113
46
39 73
7
185 127
12
83 116
8
14 16
52
129 3
44
5 196
96
165 185
24
13 57
40
159 111
57
16 62
38
90 11
6
76 76
58
48 14
2
20 181
14
139 132
7
92 57
84
111 70
90
185 19
53
171 121
58
9 59
73
14 137
6
74 188
6
127 14
70
113 116
55
187 65
19
76 197
17
136 19
28
103 71
27
122 84
52
134 175
49
120 11
42
20 73
37
9 180
24
138 65
96
83 129
80
96 68
40
127 135
14
27 197
90
187 186
63
154 9
23
99 73
38
145 189
35
112 12
7
16 75
61
136 140
60
103 192
73
48 27
100
175 68
71
139 145
69
18 84
9
4 186
21
152 84
5
23 199
89
124 22
32
127 27
76
113 129
62
154 130
61
85 30
97
30 94
69
92 191
97
163 71
85
22 95
72
182 84
57
127 148
48
108 135
6
121 74
20
38 76
36
112 25
68
184 130
12
175 81
14
87 197
82
174 85
25
119 149
23
193 98
95
195 144
30
107 31
12
52 95
34
11 94
33
126 44
74
198 149
56
84 84
1
43 46
97
170 87
5
142 25
88
188 141
62
64 105
66
191 146
24
17 30
23
108 148
39
149 149
57
140 100
57
126 165
84
198 41
45
43 167
23
82 95
80
101 108
59
161 159
46
114 47
90
158 90
82
72 50
92
176 144
29
52 108
2
179 149
76
46 34
57
54 154
67
141 42
78
191 159
97
89 111
47
149 162
79
47 114
70
88 152
19
93 1
12
5 117
89
95 47
64
114 60
98
155 98
64
53 50
18
158 103
100
58 165
22
144 168
79
199 104
100
56 55
32
42 157
3
135 119
21
80 183
18
0 160
90
179 162
75
5 9
87
192 101
25
49 52
63
164 2
36
7 55
26
53 171
37
172 122
95
125 47
28
70 111
88
130 162
24
47 127
71
88 165
85
162 114
97
46 168
98
132 171
28
65 181
69
151 184
85
5 130
38
118 7
20
63 108
89
197 71
68
62 112
55
7 176
25
95 60
83
53 63
32
125 168
34
185 182
79
56 68
17
97 69
79
69 7
16
129 58
48
60 187
5
113 50
68
13 112
83
132 63
23
27 10
44
159 166
23
118 128
25
71 53
70
34 171
13
153 122
33
125 60
73
92 112
27
124 64
58
148 192
62
41 66
96
127 69
26
151 197
46
30 136
44
104 122
42
76 23
31
7 189
85
81 138
43
122 139
30
134 1
8
139 79
24
166 182
59
92 4
36
152 18
48
138 120
27
97 82
33
36 72
18
41 187
97
160 138
95
27 23
50
25 179
47
16 130
65
90 79
8
76 144
66
29 69
22
48 82
20
122 31
92
34 184
8
87 10
95
111 138
18
105 64
91
96 15
54
8 131
16
108 69
43
113 184
41
154 185
42
187 133
95
173 198
96
25 71
44
99 20
32
85 85
12
38 10
6
2 87
13
98 24
91
84 126
12
103 139
18
15 26
12
87 131
17
120 79
78
106 144
57
59 69
47
4 133
93
78 82
81
119 83
38
152 31
14
124 198
55
196 74
63
55 98
54
110 34
100
108 190
66
96 136
39
25 192
68
112 80
47
131 93
30
117 195
73
184 185
11
84 18
27
170 21
91
175 136
36
194 149
67
188 75
29
18 152
63
147 37
49
193 153
43
45 26
81
64 39
49
50 141
51
91 142
61
110 155
41
182 31
33
121 21
5
140 34
40
181 35
26
126 99
88
24 88
27
170 142
17
142 80
40
101 42
66
174 32
98
193 45
95
64 160
76
17 85
69
91 34
93
22 163
7
195 91
99
79 145
49
198 96
49
170 34
79
156 99
56
15 160
2
128 37
46
73 101
80
147 50
37
193 166
45
31 104
58
191 93
1
91 155
94
177 158
17
3 42
93
89 45
16
75 147
44
130 83
38
162 35
99
107 99
66
33 150
21
181 48
56
63 29
9
147 171
55
141 97
23
121 155
98
179 96
23
79 158
73
198 109
64
101 176
50
197 113
73
109 37
33
95 102
48
169 51
33
155 153
55
174 166
8
72 118
21
177 171
25
171 97
7
190 110
13
162 48
81
74 164
33
93 177
26
5 64
82
165 53
33
151 118
70
128 171
73
40 58
48
26 123
20
86 174
10
139 0
25
125 102
86
199 51
78
180 38
24
89 179
75
42 104
59
19 120
39
60 121
74
148 5
48
63 163
80
51 72
44
192 48
90
178 113
27
123 177
10
16 51
95
90 0
30
21 166
62
48 3
55
172 69
66
116 174
24
187 54
67
32 180
7
51 193
21
104 56
51
145 57
94
150 172
1
67 174
82
172 190
83
37 2
62
97 16
21
9 169
81
96 57
51
160 72
87
146 174
15
32 72
78
118 75
57
123 190
26
35 77
63
76 78
5
117 116
34
29 3
12
48 16
61
134 56
42
180 172
46
92 59
93
111 72
88
78 124
100
97 137
66
50 62
42
69 75
43
196 116
25
160 193
16
108 3
73
41 13
62
113 118
19
99 183
23
32 193
82
44 18
55
85 19
33
71 121
74
90 134
23
131 135
51
29 124
49
48 137
94
120 13
41
161 14
71
20 75
8
78 16
95
138 67
24
50 183
19
105 119
97
96 70
27
55 32
62
8 186
10
25 126
98
11 191
18
85 140
27
173 24
32
38 65
22
71 13
90
131 27
79
2 142
33
194 83
59
161 135
98
188 9
48
78 137
56
138 188
60
196 129
52
55 153
81
110 89
31
108 16
73
11 83
95
71 134
1
167 71
79
57 199
4
87 78
36
106 91
72
92 193
68
124 145
52
36 32
17
22 97
93
121 76
55
195 25
76
80 38
52
38 78
91
112 27
32
43 156
83
84 194
31
115 32
30
1 159
5
87 199
22
188 22
5
133 86
18
17 140
31
36 153
52
163 194
86
154 145
10
167 84
45
126 46
26
186 97
57
24 35
89
54 143
67
147 105
40
45 94
63
119 43
30
58 33
9
77 46
38
89 100
20
168 164
12
107 154
43
181 103
62
198 43
26
98 105
12
137 33
22
156 46
52
54 35
52
40 100
68
114 49
42
100 151
48
119 164
28
31 51
57
58 154
46
75 94
31
116 95
41
176 146
86
46 36
35
151 52
99
51 114
38
12 159
36
70 100
83
130 151
31
42 38
99
102 52
20
162 103
78
0 41
24
60 55
26
123 111
2
21 100
66
95 49
98
125 157
90
61 172
19
74 111
11
132 52
6
49 54
3
123 3
76
164 4
86
35 119
70
169 119
8
7 57
18
153 111
26
72 186
38
125 49
51
70 113
37
144 62
86
23 1
84
148 181
41
160 6
62
60 68
43
132 173
39
165 121
41
159 47
100
104 111
81
123 124
16
197 73
45
7 178
86
141 178
99
153 3
32
180 106
54
125 170
80
23 122
41
138 109
5
83 173
3
129 60
23
74 124
82
173 66
18
118 130
86
44 181
2
71 55
34
197 194
21
90 68
33
35 132
97
76 133
37
117 171
73
103 7
5
194 125
23
139 189
33
39 22
13
92 114
97
14 194
7
182 7
56
25 60
7
85 74
65
30 138
2
145 125
81
159 60
95
2 76
24
7 191
22
136 76
16
103 128
32
15 15
99
152 20
18
83 186
33
91 10
28
36 74
89
96 125
79
41 189
80
160 140
95
44 194
56
30 30
19
145 17
95
57 133
96
131 82
28
29 71
37
48 84
33
189 23
59
92 127
79
133 128
95
78 192
41
45 15
3
124 79
51
196 184
49
30 151
64
38 12
93
24 77
53
57 25
20
29 192
60
189 144
65
122 154
48
1 93
69
105 187
69
193 34
8
94 28
31
99 143
11
66 195
30
186 31
39
131 95
14
115 87
13
73 90
39
188 77
50
31 93
50
163 20
55
22 44
7
149 85
100
108 84
11
107 88
79
181 37
34
140 36
89
79 26
33
82 31
53
128 147
38
155 21
5
45 149
66
64 162
14
193 47
17
158 26
34
163 141
43
22 165
94
182 154
2
93 45
52
179 85
85
101 165
73
91 157
26
177 160
7
94 162
39
93 166
57
65 104
36
123 45
70
100 98
35
86 163
69
58 101
51
144 104
78
89 168
98
116 42
57
176 93
66
121 157
36
162 158
59
102 107
40
179 98
23
79 160
20
32 48
50
63 152
6
51 61
23
197 115
91
174 168
62
26 4
3
53 107
22
72 120
20
158 160
89
177 173
34
130 98
56
89 60
54
9 37
13
33 165
47
162 50
84
165 55
12
192 158
95
68 122
26
62 48
51
141 112
100
153 166
60
180 40
88
70 168
61
28 171
72
0 109
35
146 163
59
165 176
26
192 50
80
151 12
2
178 115
18
39 185
61
111 61
79
185 10
44
14 128
10
60 15
82
187 56
37
132 120
83
118 185
71
151 133
3
51 195
69
71 110
87
90 123
6
169 187
8
2 10
100
136 10
80
153 179
31
180 53
8
78 5
11
23 69
99
97 18
52
124 121
96
28 184
32
36 8
74
55 21
75
41 123
51
146 176
90
187 177
82
60 136
93
16 66
74
57 67
96
2 131
9
122 196
22
134 58
32
48 18
21
20 185
29
194 72
43
92 61
92
37 125
71
138 177
23
97 139
76
96 180
86
108 5
93
27 80
29
173 134
38
11 72
46
84 62
24
29 126
10
117 10
56
120 15
66
161 16
17
20 77
97
166 131
33
152 196
83
105 121
46
55 34
96
187 190
76
25 128
26
44 141
37
57 80
51
131 29
62
76 93
50
43 145
53
15 83
38
78 139
77
152 88
84
193 89
75
36 142
44
110 91
74
55 155
47
96 193
33
94 83
9
154 134
72
11 85
70
38 188
1
131 150
34
115 142
80
175 193
49
1 40
2
106 93
37
147 94
80
50 198
53
163 75
22
176 14
89
80 40
33
121 78
28
66 142
86
38 80
90
112 29
86
24 145
72
43 158
82
84 196
96
15 96
73
101 99
87
161 150
30
54 24
3
174 89
28
191 29
57
17 142
90
163 196
66
176 135
94
112 150
71
54 145
35
141 33
79
144 38
73
77 48
44
3 99
71
42 27
40
162 92
19
0 30
15
98 107
18
101 112
75
21 89
9
114 51
13
53 41
73
72 54
46
130 32
87
190 46
45
176 148
33
61 161
61
33 99
3
107 48
98
148 49
70
179 153
12
5 0
71
46 38
18
51 116
9
183 43
91
169 108
48
114 172
28
86 110
70
148 170
78
19 56
9
65 172
30
63 99
53
51 8
32
123 113
59
21 102
24
7 167
71
81 116
75
144 172
68
37 46
68
171 46
20
129 49
75
0 164
6
46 51
37
132 54
23
51 129
1
125 51
46
37 167
64
70 115
75
23 3
69
9 105
26
28 118
64
146 110
51
187 111
29
5 134
73
118 11
46
178 62
22
164 127
92
16 0
80
125 172
22
78 60
60
23 124
71
143 189
10
196 52
89
0 177
100
55 76
20
160 129
20
113 54
44
44 183
48
118 132
58
71 57
83
30 19
98
2 186
70
138 3
94
50 119
46
105 55
86
69 132
65
96 6
41
99 11
10
164 140
38
29 181
33
103 130
51
120 70
6
20 132
2
18 22
49
78 73
56
138 124
54
83 188
98
50 11
16
36 76
52
41 191
92
8 14
22
94 17
6
57 135
75
186 20
61
76 148
84
84 9
80
103 22
11
73 79
52
147 28
38
106 27
53
188 66
41
78 194
74
4 16
69
92 129
9
64 30
62
50 132
58
36 197
53
163 9
17
121 12
9
140 25
73
85 89
87
38 14
73
24 79
64
84 130
89
29 194
83
115 197
42
103 143
83
87 135
18
147 149
7
18 35
99
4 137
61
36 89
21
163 130
88
94 30
48
115 89
70
15 151
54
142 192
84
175 140
68
101 154
17
73 92
14
59 194
19
91 146
12
3 33
65
89 36
65
149 87
82
121 25
82
66 89
75
107 90
97
167 141
38
186 154
55
10 157
55
87 148
11
155 23
64
86 152
11
3 154
58
42 82
6
176 82
100
121 146
79
79 149
87
192 26
81
51 50
47
63 141
20
101 167
93
109 28
10
169 42
24
67 31
68
31 108
23
158 149
49
130 87
89
190 101
51
181 52
65
46 93
46
65 106
39
63 33
2
123 47
67
68 111
48
109 149
8
86 165
34
158 41
41
42 95
30
176 95
64
135 57
4
0 98
10
79 162
22
63 154
95
197 117
10
35 55
67
21 157
92
67 44
41
199 163
22
190 114
64
28 52
70
88 103
27
129 104
47
32 171
97
192 160
62
197 9
79
141 114
96
139 4
3
199 55
1
144 119
71
56 6
38
83 109
77
102 122
63
47 186
58
104 168
15
16 55
38
90 4
82
150 55
62
117 107
17
136 120
96
81 184
84
120 112
48
53 122
1
180 163
41
194 61
16
199 176
59
157 179
93
83 1
15
41 4
2
27 69
54
187 58
51
13 171
25
32 184
71
145 61
41
103 64
89
48 128
13
180 55
37
6 131
19
39 79
64
111 184
24
185 133
88
4 58
10
138 58
97
83 122
57
124 123
25
96 61
13
55 23
34
173 15
85
30 195
94
71 4
69
112 5
65
57 69
68
117 120
37
76 82
81
103 185
13
115 10
73
15 72
80
18 77
98
133 64
9
166 12
89
152 77
36
23 192
41
69 79
81
110 80
87
160 197
56
127 20
44
27 82
62
154 123
46
168 21
60
99 187
7
145 74
13
57 190
27
131 139
65
43 26
55
103 77
83
189 80
62
175 182
32
106 82
40
92 184
15
78 20
90
50 187
61
22 88
41
8 190
90
182 77
72
187 192
76
80 29
27
11 195
5
112 18
7
198 21
19
57 82
66
43 147
79
98 83
54
142 126
79
1 150
59
87 190
75
188 13
50
133 77
4
18 90
37
78 141
86
91 80
86
36 144
24
110 93
96
96 195
95
94 85
92
154 136
37
107 24
56
126 37
28
112 139
45
131 152
84
175 195
89
142 18
94
161 31
42
147 96
95
133 198
88
188 134
63
119 34
97
163 77
99
22 101
71
149 142
79
195 29
31
140 93
53
181 94
32
126 158
13
167 196
32
98 96
37
156 37
30
142 139
91
161 152
20
12 29
19
61 150
8
135 99
27
176 137
69
195 150
28
80 163
14
126 50
62
109 83
50
73 160
93
141 35
11
86 99
68
191 152
24
3 101
55
102 43
85
162 94
44
126 171
49
5 110
26
24 160
93
123 102
78
68 166
47
183 153
99
155 91
65
158 96
44
56 48
53
171 35
72
135 112
9
129 38
35
46 40
86
5 2
10
51 118
99
49 45
60
35 110
62
150 97
85
95 161
75
114 174
98
67 99
17
141 48
33
172 115
77
130 155
96
9 94
89
83 43
35
28 107
86
0 45
72
41 46
100
49 166
47
178 51
36
68 179
42
197 64
25
81 118
88
26 182
79
125 161
43
199 110
58
144 174
38
42 163
96
83 164
69
116 112
15
129 51
64
74 115
66
19 179
65
0 166
39
32 118
54
151 69
44
118 121
8
30 8
66
90 59
46
134 102
20
72 190
47
37 169
26
83 56
47
157 5
36
69 121
14
14 185
72
41 59
86
27 124
20
60 72
41
25 51
4
159 51
39
30 129
29
49 179
9
2 67
11
62 118
79
81 131
74
48 183
33
139 72
37
125 174
90
180 110
59
4 113
71
78 62
57
37 61
9
138 113
93
8 3
20
154 57
24
13 118
44
44 185
85
187 5
38
118 134
6
178 185
77
71 59
88
16 123
87
145 8
18
103 11
73
134 115
78
6 78
8
166 67
50
105 57
79
14 198
25
132 190
48
66 65
37
99 13
34
122 145
95
175 8
82
87 124
65
20 134
32
18 24
42
23 139
55
105 178
34
152 24
40
17 65
23
110 27
56
167 9
17
170 14
53
120 193
10
147 30
87
152 145
56
193 146
11
110 148
81
3 22
48
149 76
28
182 24
54
94 140
30
66 78
28
140 27
89
11 142
13
71 193
25
112 194
73
79 17
49
184 70
61
43 94
60
29 196
13
170 135
66
15 32
93
101 35
54
161 86
60
147 151
4
177 30
84
121 135
53
140 148
72
38 137
82
198 89
53
115 91
47
15 153
30
101 156
46
73 94
100
59 196
29
100 197
29
188 81
10
45 32
11
31 97
64
3 35
16
94 153
82
168 102
50
162 28
84
33 143
30
181 41
1
186 156
66
189 161
37
63 22
80
101 48
71
128 151
45
21 25
65
147 164
81
155 25
85
100 89
6
158 30
62
3 156
10
130 197
26
116 33
4
61 97
61
80 110
73
162 149
55
63 143
92
82 156
74
21 146
86
169 44
18
155 146
25
67 33
83
12 97
18
172 49
73
177 164
51
135 167
50
146 33
34
151 111
66
183 100
91
81 52
100
72 3
8
116 46
5
47 175
57
0 100
72
19 113
59
13 39
3
16 44
98
21 159
93
67 46
20
153 49
35
53 111
54
172 62
59
72 124
37
158 164
100
199 165
83
37 103
37
113 98
97
13 160
98
146 46
93
132 111
87
51 186
51
136 1
91
139 6
79
166 109
31
111 173
41
185 122
92
199 57
99
97 9
80
157 60
13
55 12
82
160 65
6
60 127
62
146 167
48
5 191
29
32 65
46
118 68
100
159 106
85
123 183
7
90 6
3
76 71
20
134 49
2
20 176
47
53 124
23
152 66
53
23 181
2
124 4
91
14 132
44
55 133
86
160 186
64
127 9
73
71 114
50
30 76
1
76 192
92
150 178
46
117 1
12
62 65
81
122 79
33
106 71
63
6 133
89
111 186
38
185 135
79
4 60
59
64 74
64
97 22
65
105 112
40
96 63
51
41 127
5
27 192
76
25 119
89
159 119
6
38 58
14
112 7
82
71 6
72
57 71
35
62 186
56
103 187
16
6 25
31
4 181
8
92 65
24
23 194
48
124 17
13
196 122
37
154 125
99
173 138
97
186 77
19
48 143
50
1 31
45
106 84
14
147 85
43
133 187
60
119 23
33
105 125
99
91 190
68
3 77
32
108 130
6
182 79
68
8 192
10
25 132
15
195 18
56
66 133
89
85 146
30
145 197
24
198 23
84
133 79
70
12 18
94
191 20
27
91 82
58
77 147
1
163 187
89
121 190
24
198 144
1
186 90
14
10 93
93
1 44
100
147 98
66
58 26
34
75 195
2
42 18
53
195 31
24
107 147
5
66 146
56
126 160
41
181 96
42
82 90
2
142 141
60
114 42
70
100 144
29
158 85
37
75 87
84
116 88
38
190 37
75
52 103
44
198 157
25
10 106
1
51 107
47
137 147
53
156 160
96
190 158
75
162 96
93
179 36
43
165 101
17
63 90
75
49 155
94
178 40
39
68 168
78
114 55
15
100 157
63
34 32
4
53 45
83
158 98
55
88 39
26
129 40
77
132 45
3
51 120
37
137 160
16
35 112
99
7 50
60
141 50
60
53 166
73
153 104
19
70 106
11
111 107
32
190 171
93
83 45
71
47 122
85
143 59
53
41 48
39
132 166
11
136 56
89
141 171
39
139 61
23
180 99
16
185 177
76
171 50
80
83 166
41
97 64
95
14 66
15
129 53
55
27 5
96
132 58
11
192 109
71
178 174
8
16 112
88
76 126
29
95 176
97
136 177
2
92 107
82
37 171
30
56 184
48
69 123
8
129 174
6
148 187
84
27 126
74
187 115
53
118 15
83
104 117
38
30 131
80
90 182
6
164 131
72
120 61
46
39 136
9
4 115
99
152 13
75
143 193
100
50 2
31
160 133
71
60 195
96
27 18
44
13 120
55
71 61
50
145 10
68
117 177
43
134 117
40
152 134
61
97 198
85
105 59
14
110 137
14
196 177
41
8 126
29
127 77
22
182 13
27
71 182
55
57 18
46
2 82
85
43 83
81
98 19
12
84 121
63
29 185
98
142 62
14
1 86
79
133 13
76
152 26
58
193 27
43
17 67
69
22 145
22
127 198
47
94 21
54
25 187
79
99 136
34
52 24
78
131 88
45
189 29
37
120 195
47
161 196
63
128 19
59
73 83
42
188 70
58
18 147
97
193 148
70
45 21
38
64 34
62
91 137
25
75 129
25
8 139
63
154 193
15
11 144
3
52 145
19
167 132
55
181 30
63
24 83
72
184 72
15
43 96
88
189 150
71
87 139
87
128 140
100
1 99
72
174 27
99
158 19
3
58 81
41
3 145
88
182 147
67
94 34
10
135 35
55
140 150
55
33 24
70
179 78
46
79 140
53
38 139
75
170 29
13
137 81
91
101 158
9
155 135
90
147 45
45
3 37
37
149 91
82
94 155
80
190 92
13
126 107
47
10 161
67
123 38
55
40 40
9
155 27
27
26 105
35
158 32
15
144 97
7
77 107
60
130 199
24
42 86
28
176 86
72
80 112
57
121 150
50
0 89
40
33 37
11
32 41
81
109 32
54
150 33
43
95 97
48
40 161
38
153 38
10
86 48
71
172 51
4
70 40
22
56 105
79
116 156
94
88 94
18
162 43
74
93 172
72
151 113
61
63 37
57
49 102
31
123 51
6
68 115
20
150 154
38
169 167
34
7 105
7
141 105
90
47 177
32
74 51
56
60 116
15
5 180
41
32 54
72
159 95
25
151 5
17
123 172
87
172 64
99
180 154
1
37 105
13
171 105
8
116 169
38
187 49
31
145 52
82
49 115
91
35 180
25
2 3
5
62 54
69
136 3
80
122 68
85
172 185
20
180 46
63
39 70
5
166 111
62
139 8
45
4 49
78
23 62
26
160 67
97
173 6
77
178 121
18
90 8
90
117 111
89
122 189
14
134 51
6
175 52
35
199 180
74
166 3
74
111 67
18
23 183
69
124 6
5
110 71
39
196 111
60
143 19
46
160 188
45
27 73
75
13 175
26
118 191
91
85 14
84
30 78
77
76 194
71
2 16
52
117 3
86
103 68
54
48 132
16
122 81
63
134 172
90
120 8
8
78 11
86
69 191
40
17 1
63
187 183
4
99 70
44
85 135
68
30 199
3
57 73
53
84 176
18
29 11
4
15 76
56
120 129
68
161 130
82
73 17
74
59 119
7
4 183
16
188 4
36
152 81
76
97 145
8
105 6
50
17 122
42
91 71
53
168 25
33
99 191
48
140 192
65
85 27
36
175 186
96
142 9
30
161 22
77
188 125
25
59 11
29
100 12
78
50 191
69
176 7
9
121 71
35
80 33
95
167 187
66
43 151
96
84 189
75
170 192
31
15 89
87
1 154
31
54 17
100
59 132
92
18 94
73
177 87
18
168 38
45
126 41
9
186 92
80
65 31
64
142 22
57
128 87
37
100 25
20
86 90
49
191 143
11
3 92
83
77 41
99
130 133
58
149 146
22
42 20
75
61 33
84
176 20
42
195 33
36
107 149
16
137 28
72
82 92
96
142 143
32
21 82
10
54 30
4
40 95
82
100 146
16
174 95
65
119 159
14
116 90
66
190 39
58
135 103
47
33 92
9
151 47
74
54 151
3
141 39
77
12 154
79
190 160
44
46 152
78
165 103
62
137 41
66
183 157
18
95 44
34
7 160
11
155 95
28
26 173
86
158 100
33
199 101
39
56 52
67
171 39
14
61 167
3
157 104
94
190 52
21
102 168
15
148 55
64
93 119
85
60 171
74
113 34
30
13 96
77
132 47
56
178 163
87
49 49
11
150 101
37
169 114
93
67 103
22
26 65
30
172 119
2
72 181
5
39 4
83
9 98
6
143 61
6
148 176
18
46 165
89
132 168
78
32 1
19
159 42
10
2 58
91
7 173
79
81 122
75
34 47
25
180 101
64
39 125
6
185 179
1
23 117
90
56 65
8
152 2
99
143 182
31
196 45
95
160 122
71
27 7
3
13 109
45
159 163
6
71 50
56
90 63
21
35 127
50
164 12
7
136 179
42
103 2
29
194 120
34
53 181
69
6 69
6
127 66
84
99 4
43
145 120
18
164 133
57
2 71
68
117 58
3
76 20
51
48 187
10
120 63
43
4 117
80
78 66
17
91 5
63
196 58
51
96 120
9
55 82
49
182 123
2
8 7
88
27 20
21
44 189
53
38 115
21
112 64
90
186 13
95
117 179
54
188 59
72
191 64
67
108 66
87
94 131
54
113 181
30
173 195
19
85 82
76
131 198
5
57 20
95
1 88
53
59 66
29
174 16
5
105 182
7
17 69
20
163 123
74
22 147
18
80 88
26
121 126
31
25 189
38
52 26
96
24 193
86
170 18
77
15 144
18
101 147
12
161 198
53
128 21
31
191 77
14
163 15
66
22 39
80
89 29
10
154 195
85
195 196
84
121 18
61
167 134
20
126 96
13
98 34
87
82 26
60
54 193
9
40 29
13
100 80
81
45 144
32
163 136
27
121 139
7
80 101
38
33 26
24
198 93
50
98 155
78
170 31
10
142 198
20
109 21
5
40 150
62
67 24
17
86 37
69
172 40
65
72 102
20
177 155
98
130 80
71
52 160
93
167 147
3
126 109
79
5 48
50
169 156
71
21 29
46
40 42
69
199 35
45
58 96
75
89 163
12
42 88
7
176 88
15
102 102
10
181 166
31
19 104
26
5 169
47
165 158
98
79 155
38
137 96
11
109 34
27
169 48
78
12 101
51
53 102
13
56 107
42
148 110
52
93 174
46
165 50
97
65 112
84
192 153
79
123 53
70
197 2
86
62 43
3
26 120
39
67 158
46
39 59
100
70 163
59
185 113
64
138 38
93
28 166
26
102 115
38
162 166
56
60 118
18
5 182
13
165 171
85
32 56
62
178 110
61
123 174
59
197 123
44
16 48
51
35 61
20
48 0
68
153 53
19
53 115
33
180 156
31
56 120
52
157 172
21
14 123
34
192 166
2
51 190
88
44 2
16
151 128
55
71 105
16
90 118
81
62 56
36
153 174
82
139 10
24
4 51
7
124 116
84
157 64
95
143 129
66
55 16
98
160 69
55
60 131
67
27 183
41
99 59
65
118 72
29
30 188
14
145 175
94
16 61
7
57 62
72
2 126
11
76 75
29
136 126
78
81 190
23
29 0
31
15 65
30
134 53
49
175 54
11
48 13
99
92 56
67
4 172
80
37 120
95
138 172
2
50 59
69
110 73
72
55 137
47
96 175
15
8 62
7
168 14
60
187 64
73
99 180
7
154 116
1
11 67
64
76 196
72
48 134
4
87 62
72
6 137
3
152 191
3
4 64
70
143 142
98
36 16
90
163 57
41
182 70
23
8 183
73
27 196
87
145 188
74
2 139
80
120 131
41
54 6
19
73 19
61
188 6
79
4 185
25
18 83
3
119 135
93
152 83
95
105 8
65
191 11
48
96 188
37
149 14
26
140 194
96
11 80
11
115 137
7
119 27
41
64 91
25
58 17
83
108 134
99
61 22
57
126 151
49
167 189
44
38 75
81
198 27
51
184 129
19
156 30
19
101 94
41
73 32
7
188 19
60
100 135
43
12 22
48
91 86
65
75 78
18
135 92
58
88 17
72
52 94
78
198 148
97
156 151
49
54 140
28
128 89
50
155 192
27
67 79
15
191 145
53
58 30
18
144 33
100
89 97
14
149 148
12
80 48
84
24 153
44
156 43
35
197 44
13
68 159
58
26 162
80
53 36
59
58 151
57
171 28
88
195 156
74
179 148
77
51 111
20
156 164
52
49 38
85
54 153
19
125 33
48
70 97
54
42 35
4
83 36
31
51 3
23
183 159
64
136 47
24
141 162
35
180 90
89
39 114
5
102 170
61
30 1
71
164 1
33
136 168
28
122 4
80
34 157
67
172 121
58
72 183
54
83 49
28
14 178
48
160 3
51
90 173
39
164 122
98
122 125
81
39 127
26
199 116
40
185 181
74
78 55
9
23 119
43
102 183
81
41 173
20
160 124
44
60 186
12
25 165
60
159 165
94
2 181
64
76 130
56
103 4
2
122 17
22
175 109
23
194 122
13
23 11
99
64 12
77
124 63
92
129 178
82
22 15
33
8 117
26
41 65
5
127 68
45
27 130
37
132 183
39
99 6
26
11 122
39
140 7
26
87 117
38
194 14
95
18 17
18
185 194
24
152 17
61
97 81
48
23 132
100
124 184
25
143 197
39
50 6
94
55 84
68
127 189
82
140 128
9
112 66
88
57 130
7
186 15
26
103 17
46
189 20
76
18 138
3
6 84
85
191 66
49
91 128
100
110 141
59
196 181
25
163 4
10
173 197
45
66 71
2
11 135
52
126 85
48
112 187
49
186 136
60
38 9
78
24 74
99
98 23
60
189 141
46
101 28
91
1 90
89
59 68
97
64 146
59
193 31
52
177 23
27
77 85
76
108 189
38
75 12
4
176 64
75
135 26
58
66 192
2
38 130
25
198 82
74
186 28
56
115 84
76
15 146
15
101 149
64
188 74
86
193 152
44
12 77
78
177 144
82
89 31
35
130 69
88
168 95
75
195 198
56
24 87
85
170 141
13
82 28
8
101 41
52
54 195
37
147 157
76
40 31
70
100 82
90
158 23
13
58 85
24
22 162
79
80 103
17
121 141
46
165 147
42
184 197
16
137 85
22
82 149
11
156 98
45
54 87
75
95 88
83
40 152
45
155 139
32
114 101
11
174 152
43
31 103
47
177 157
14
70 31
58
89 44
98
42 198
31
28 34
66
47 47
97
162 34
69
88 85
25
148 99
60
46 88
63
151 104
40
51 166
17
49 93
7
109 144
46
26 109
41
141 96
51
67 147
76
158 36
11
47 168
54
181 168
33
93 55
21
60 107
44
32 45
52
137 98
88
104 150
81
197 112
60
35 50
42
21 152
19
95 101
28
134 29
52
70 44
72
9 34
57
28 47
42
5 63
43
90 107
85
62 45
89
81 58
94
26 122
70
134 150
94
141 109
75
39 61
97
9 155
64
28 168
56
14 4
39
160 58
47
60 120
3
5 184
8
187 161
32
159 99
72
178 112
56
153 55
37
20 169
99
139 120
19
92 45
9
185 7
86
23 174
14
50 48
7
143 10
15
8 51
71
173 118
65
11 56
64
145 56
27
35 184
92
150 171
1
29 110
29
106 64
4
92 166
2
138 53
37
69 182
42
55 18
28
173 10
89
118 74
29
30 190
93
145 177
64
159 112
43
38 51
98
131 13
40
117 115
26
20 182
21
106 185
39
194 69
4
92 58
21
18 72
44
59 110
51
50 61
41
91 62
76
36 126
2
196 115
10
94 67
7
127 15
61
154 118
27
173 131
34
57 185
22
115 126
40
15 188
79
189 75
78
103 72
80
1 24
50
18 193
75
6 139
80
45 67
2
64 80
55
110 196
20
36 18
49
3 70
69
22 83
71
182 72
53
168 137
30
85 139
67
186 191
40
38 64
8
198 16
93
115 18
25
142 121
90
106 198
70
59 123
87
45 188
93
78 136
29
130 3
31
94 80
45
168 29
3
195 132
21
66 18
95
167 70
9
24 21
98
84 72
89
170 75
93
115 139
66
183 14
54
191 134
5
77 32
76
163 72
27
61 24
70
80 37
60
66 139
32
107 140
23
167 191
78
19 27
88
63 70
17
101 96
8
54 21
9
119 150
64
31 37
86
58 140
2
77 153
23
116 81
65
61 145
24
107 32
30
52 96
2
38 198
66
198 150
6
10 99
51
137 140
54
183 27
77
169 92
29
141 30
26
89 99
6
46 143
9
5 105
4
63 83
53
68 161
91
21 86
91
58 153
91
144 156
62
135 107
28
0 148
97
46 35
21
132 38
27
156 166
69
7 43
91
111 100
54
130 150
46
171 151
93
190 164
47
14 167
42
162 102
54
88 153
63
60 54
74
5 118
40
132 159
13
165 107
74
159 33
65
123 110
36
183 161
71
81 113
46
180 92
87
125 156
82
39 116
72
185 170
12
138 95
15
171 43
13
157 108
10
42 158
24
14 59
68
0 161
65
160 113
72
51 126
73
71 41
77
164 3
47
7 56
97
153 110
62
39 8
92
56 177
34
50 103
72
69 116
6
143 65
3
160 5
35
60 67
29
71 162
14
104 110
39
76 11
85
62 113
31
103 114
32
122 127
56
120 54
15
20 116
81
125 169
50
4 108
83
152 6
95
110 9
41
25 167
98
99 116
63
118 129
68
186 4
81
57 119
75
117 170
14
48 70
49
175 111
75
120 175
45
194 124
44
4 0
95
196 170
45
96 3
4
182 6
19
154 173
83
173 186
56
25 59
83
71 175
5
57 11
81
2 75
62
103 127
1
15 14
41
106 132
59
18 19
48
23 134
57
119 71
6
143 199
39
91 9
61
163 114
17
96 124
85
127 191
61
94 14
16
66 181
52
99 129
23
112 68
1
2 196
56
29 70
76
115 73
42
15 135
6
128 12
85
78 191
83
193 141
11
191 68
55
17 181
58
36 194
82
181 23
2
38 11
49
24 76
9
84 127
21
115 194
4
189 143
54
40 20
45
59 70
35
193 33
27
149 192
47
181 144
25
167 17
86
112 81
2
10 33
52
170 22
41
115 86
19
156 87
53
142 189
79
82 138
10
67 15
49
191 81
52
177 146
50
89 33
73
75 135
25
47 36
77
107 87
10
65 90
96
10 154
14
170 143
80
68 95
12
109 133
51
128 146
99
40 33
87
100 84
81
174 33
23
3 151
29
88 195
86
179 84
27
63 138
47
137 87
87
35 39
2
150 26
45
155 141
1
67 28
51
172 44
34
72 106
86
89 46
71
190 98
51
28 36
39
88 87
46
148 101
28
165 41
96
109 146
84
62 34
38
26 111
10
180 26
51
39 50
35
125 90
17
199 39
71
70 154
89
83 93
93
28 157
93
74 44
12
165 162
47
192 36
22
137 100
98
51 60
25
178 101
38
123 165
2
104 152
5
95 103
27
136 104
29
81 168
2
34 93
39
139 109
11
39 171
52
72 119
92
157 163
27
69 50
100
13 155
20
51 181
94
90 109
42
35 173
45
169 173
14
81 60
53
20 50
13
39 63
15
199 52
70
70 167
2
111 168
14
97 4
87
138 42
89
14 6
9
60 122
89
25 101
5
159 101
44
118 63
94
16 52
9
81 181
13
134 44
96
199 173
9
6 7
6
129 114
49
96 166
68
127 4
96
113 106
23
13 168
19
132 119
15
32 181
24
118 184
6
30 71
94
90 122
52
76 187
30
175 166
66
92 168
13
111 181
47
4 55
28
138 55
91
69 184
86
55 20
33
182 61
56
44 127
23
85 128
43
30 192
93
38 53
32
76 79
91
115 7
41
20 184
15
106 187
34
59 112
31
6 20
43
133 61
41
152 74
52
97 138
29
64 190
21
17 115
51
108 4
20
168 18
96
11 71
32
38 174
76
71 122
71
115 128
84
189 77
59
175 179
16
106 79
85
18 195
90
119 18
97
64 82
58
50 184
90
91 185
99
17 7
93
36 20
53
94 190
71
66 128
71
11 192
72
195 13
79
84 182
33
103 195
71
156 21
15
54 10
80
73 23
50
174 75
83
12 13
72
31 26
42
3 193
23
107 21
40
38 187
87
126 34
4
109 67
42
183 16
50
147 93
33
133 195
22
188 131
89
100 18
77
91 198
55
3 85
99
61 26
59
162 78
68
79 80
33
65 145
47
170 198
20
63 72
38
137 21
36
68 150
8
1 160
98
101 98
57
54 23
41
40 88
75
155 75
62
174 88
100
177 93
64
163 195
30
171 19
32
116 83
79
198 152
82
65 37
41
156 155
74
109 80
28
183 29
45
54 144
32
28 91
10
47 104
20
107 155
39
181 104
60
146 83
70
178 35
35
197 48
48
21 88
15
95 37
65
81 102
57
26 166
99
199 94
32
144 158
59
116 96
36
61 160
79
176 147
59
160 102
14
132 40
62
192 91
61
51 115
63
34 148
55
125 37
43
37 153
43
111 102
4
56 166
24
190 166
99
143 54
92
47 117
29
41 43
26
132 161
5
151 174
71
164 113
2
117 38
43
62 102
72
81 115
69
26 179
61
120 43
35
139 56
32
125 158
89
144 171
47
56 58
40
97 59
42
83 161
3
96 100
70
41 164
8
13 102
95
132 53
36
32 115
93
159 156
5
44 169
74
178 169
84
30 5
29
35 120
74
117 159
20
134 99
25
37 166
57
56 179
50
69 118
18
143 67
7
14 182
23
41 56
31
44 61
12
118 10
16
57 0
14
76 13
57
62 115
51
15 3
31
120 56
52
185 185
89
59 46
95
97 72
89
83 174
62
196 51
25
96 113
1
27 13
72
25 169
13
44 182
53
118 131
90
16 120
9
117 172
1
136 185
5
48 72
94
194 126
42
139 190
84
6 75
55
59 167
31
133 116
10
105 54
40
64 16
50
124 67
26
36 183
100
22 19
40
182 8
19
127 72
23
168 73
91
140 11
92
145 126
16
112 178
51
184 54
48
84 116
98
48 193
83
189 132
40
142 57
16
101 19
57
161 70
67
106 134
63
59 59
49
4 123
26
174 9
77
193 22
72
124 188
80
22 140
66
75 3
68
33 6
63
198 73
9
98 135
55
43 199
39
170 11
35
54 65
10
128 14
76
147 27
85
45 16
40
86 17
17
91 132
80
11 139
15
181 25
68
10 143
22
115 196
17
101 32
62
1 94
67
128 135
78
161 83
89
40 22
35
119 86
38
193 35
95
64 150
17
191 191
51
17 75
50
3 140
52
116 17
97
176 68
32
135 30
18
66 196
29
52 32
84
184 188
37
10 35
34
128 27
69
169 28
71
100 194
24
174 143
52
86 30
93
17 196
59
58 197
19
130 73
18
75 137
88
135 151
47
28 25
92
47 38
10
181 38
53
137 197
43
82 32
75
67 138
52
70 143
69
47 159
88
88 197
43
181 159
74
19 97
77
93 46
11
5 162
18
165 151
24
82 153
39
156 102
91
35 41
70
40 156
80
114 105
73
169 41
38
12 94
88
53 95
12
158 148
12
56 100
63
47 51
85
129 90
72
162 38
59
68 110
90
183 97
37
7 100
20
81 49
56
102 108
27
160 49
72
165 164
37
44 103
29
123 167
1
35 54
54
136 106
30
199 162
54
92 36
86
50 39
37
129 103
58
74 167
18
27 55
49
13 157
78
113 95
90
151 121
100
145 47
99
150 162
79
103 50
75
153 167
17
139 3
92
106 55
92
166 106
53
180 41
75
111 170
53
97 6
60
9 159
79
124 109
95
55 9
13
41 111
38
127 114
56
27 176
55
160 62
20
99 52
18
145 168
95
178 116
81
76 68
6
62 170
80
136 119
17
120 111
28
20 173
59
139 124
3
6 9
52
37 113
20
78 114
99
97 127
32
50 52
93
36 117
83
113 108
38
187 57
24
85 9
34
57 176
11
90 124
68
76 189
15
189 66
92
175 168
51
6 130
8
152 184
52
119 7
68
50 173
65
69 186
61
143 135
31
36 9
68
22 74
76
27 189
37
66 117
91
2 132
70
84 171
59
117 119
11
23 191
75
31 15
10
17 117
48
191 4
37
182 184
89
108 6
91
11 73
35
38 176
64
186 74
87
84 63
17
43 25
74
115 130
25
1 28
84
73 133
28
133 184
61
100 7
13
45 71
22
50 186
41
91 187
58
108 127
43
176 2
72
121 66
62
195 15
9
11 194
39
80 28
46
167 182
79
85 143
89
186 195
47
179 7
18
24 133
84
84 184
2
170 187
3
115 22
99
156 23
25
101 87
72
161 138
76
54 12
43
73 25
37
114 26
62
100 128
45
59 127
10
31 28
49
158 69
19
182 197
63
130 7
68
94 84
74
80 149
94
121 187
43
33 74
91
112 138
65
79 190
88
156 144
5
109 69
91
68 31
35
114 147
67
67 72
44
31 149
8
144 26
13
89 90
92
3 87
28
42 15
4
61 28
61
176 15
59
121 79
74
162 80
77
88 131
7
33 195
61
179 20
9
40 90
47
141 142
33
77 157
72
61 149
61
190 34
90
135 98
74
198 154
44
65 39
38
49 31
34
155 198
26
114 160
57
89 103
34
107 157
5
5 109
62
65 160
45
123 101
38
95 39
10
34 29
44
39 107
88
171 34
99
83 150
30
102 163
18
19 165
58
60 166
11
148 50
51
160 104
3
13 91
89
192 93
13
95 160
90
136 161
59
7 47
79
134 88
72
92 91
41
37 155
47
166 40
99
111 104
21
14 171
21
148 171
11
151 176
81
25 37
16
145 102
56
76 2
2
139 58
92
39 120
45
37 47
95
78 48
88
157 112
18
110 0
73
113 42
5
99 107
83
173 56
28
118 120
86
159 158
52
30 7
25
2 174
82
76 123
29
164 7
54
134 101
34
120 166
15
106 2
5
6 64
63
185 66
64
196 161
33
14 184
57
108 48
32
8 110
42
41 58
18
187 112
81
173 177
4
90 179
59
57 2
18
2 66
83
76 15
95
15 5
83
6 185
97
166 174
22
59 48
62
4 112
89
193 11
13
97 74
4
36 64
82
96 115
5
182 118
42
159 171
58
118 133
95
52 8
18
38 110
39
112 59
47
71 58
58
2 187
96
76 136
84
29 61
90
189 13
78
87 2
78
6 77
72
18 131
38
152 131
42
45 5
35
91 121
89
196 174
82
108 61
94
173 190
78
30 141
63
98 16
61
29 182
30
15 18
12
142 59
32
6 198
23
174 11
17
191 180
75
3 129
94
22 142
94
108 182
91
168 196
95
154 69
63
85 198
17
38 123
69
198 75
54
189 26
62
161 193
14
147 29
78
100 183
67
174 132
57
177 137
56
163 10
54
162 14
53
66 77
40
167 129
93
165 19
100
98 29
12
10 145
33
87 136
90
86 140
70
119 88
86
191 193
79
58 78
37
3 142
32
177 29
55
89 145
77
77 91
54
61 83
1
176 70
51
19 86
20
79 137
2
63 129
14
51 38
90
137 78
19
156 91
36
183 194
85
54 80
70
169 30
93
174 145
10
172 35
36
72 97
22
70 24
58
190 89
85
88 78
38
162 27
86
33 142
1
179 196
24
192 135
77
10 158
90
151 97
97
63 21
61
49 86
12
70 145
39
144 94
18
89 158
96
116 32
63
157 33
21
102 97
33
88 199
92
47 161
80
181 161
96
0 86
45
179 88
40
79 150
100
93 48
80
32 38
39
192 27
77
63 142
66
95 94
90
40 158
45
169 43
74
53 97
43
56 102
13
9 27
89
28 40
60
88 91
100
46 94
91
104 35
49
67 153
60
20 41
85
125 94
2
185 108
59
23 46
76
118 54
2
104 156
97
164 170
61
21 158
98
150 43
67
34 97
67
53 110
70
37 102
72
138 154
31
171 102
71
97 116
48
14 118
70
74 169
55
187 46
43
132 110
36
90 113
69
164 62
7
106 57
57
6 119
73
185 121
86
138 46
17
97 8
50
69 175
5
99 54
79
173 3
40
118 67
26
30 183
66
38 44
22
57 57
5
117 108
66
122 186
21
48 8
54
194 62
91
6 11
45
4 167
71
152 65
60
50 54
48
160 185
13
154 111
25
99 175
75
118 188
16
11 62
40
145 62
82
84 52
29
115 119
80
161 6
51
18 186
39
45 60
97
78 8
2
124 124
73
36 11
51
182 65
44
168 130
62
80 17
75
38 57
37
57 70
80
98 71
53
184 111
30
103 186
67
101 76
61
54 1
84
73 14
88
59 116
45
174 66
8
193 79
45
77 133
41
196 121
81
182 186
91
99 188
28
140 189
96
11 75
21
10 79
35
170 68
45
73 135
90
45 73
28
119 22
83
31 138
51
77 25
3
108 129
86
61 17
70
176 4
23
80 30
33
140 81
62
181 82
38
167 184
75
19 20
50
179 9
85
198 22
79
98 84
42
87 191
19
1 151
90
54 14
27
100 130
10
174 79
49
12 17
69
72 31
67
58 133
76
163 186
79
77 146
16
130 9
21
195 138
44
38 191
31
179 130
12
46 15
91
82 197
2
109 71
11
54 135
80
128 84
61
114 149
37
100 22
100
86 87
72
191 140
100
70 79
87
42 17
61
61 30
92
102 31
93
176 17
69
33 197
90
162 82
82
126 159
94
167 197
14
146 74
86
63 76
60
49 141
27
68 154
82
183 141
39
95 28
87
155 79
45
100 143
71
26 157
50
158 84
72
199 85
78
176 138
18
14 39
6
88 25
68
129 26
8
148 39
96
156 159
89
197 160
41
49 33
34
109 84
16
172 103
34
130 143
23
171 144
21
89 105
6
28 95
4
41 34
77
146 87
85
132 152
21
65 162
11
165 100
18
44 39
71
197 52
14
95 41
98
125 149
6
39 109
16
56 49
19
138 88
38
171 36
52
148 52
37
151 57
75
71 34
18
16 98
98
90 47
59
153 103
4
53 165
62
37 157
67
28 108
46
41 47
77
104 103
95
178 52
75
2 55
3
76 4
37
34 44
38
39 122
40
185 176
100
97 63
17
83 165
9
96 104
67
41 168
83
113 44
51
25 160
4
27 4
24
44 173
52
90 60
77
131 61
6
117 163
53
175 104
3
139 181
44
97 184
96
143 71
18
108 50
48
187 114
11
11 117
2
85 66
13
140 2
46
131 182
37
84 107
78
122 133
41
120 60
20
161 61
79
4 114
36
152 12
80
119 64
5
23 127
15
91 2
98
196 55
41
22 131
65
163 107
80
8 4
4
25 173
17
173 71
90
11 9
22
52 10
98
186 10
91
131 74
12
43 190
66
15 128
45
78 184
62
193 134
8
31 72
99
22 23
63
8 125
86
173 192
28
11 130
3
52 131
45
79 5
13
43 82
98
189 136
100
101 23
25
1 85
61
87 125
91
100 64
59
119 77
91
105 179
6
17 66
72
91 15
4
3 131
99
108 184
68
94 20
17
176 59
47
135 21
86
167 10
90
198 77
65
184 179
63
98 139
29
10 26
90
115 79
1
128 18
25
18 146
31
59 184
33
177 139
3
70 13
74
3 23
1
135 142
30
176 180
53
52 144
31
126 93
27
165 21
28
65 83
43
189 149
42
82 23
75
21 13
81
141 78
87
144 83
75
135 34
73
19 88
72
93 37
32
98 152
27
192 16
78
137 80
81
183 196
54
21 134
71
169 32
1
172 37
84
72 99
32
56 91
21
89 39
7
28 29
13
88 80
57
47 42
79
179 198
88
93 158
71
46 83
60
51 161
2
49 88
68
183 88
42
128 152
91
169 153
52
172 158
40
199 32
57
70 147
87
130 198
3
171 199
75
28 150
36
0 88
26
19 101
89
146 142
80
5 166
75
13 27
27
104 145
8
178 94
71
21 147
55
95 96
74
169 45
30
153 37
90
139 102
86
158 152
47
199 153
14
92 27
55
56 104
51
171 91
18
157 156
36
190 104
2
14 107
87
160 161
79
113 86
52
187 35
88
13 148
69
32 161
70
132 99
20
16 153
80
164 51
50
35 166
28
62 40
97
48 105
92
134 145
71
166 97
91
111 161
16
185 110
29
138 35
98
157 48
56
55 0
72
187 156
74
25 94
31
117 97
55
62 161
71
76 59
15
81 174
79
34 99
57
20 164
19
139 115
69
37 104
81
111 53
63
97 118
90
96 159
9
55 121
7
8 46
35
113 99
95
99 164
71
132 112
44
11 51
2
71 102
25
6 121
93
111 174
54
185 123
4
9 163
11
50 164
33
105 100
43
97 10
98
143 126
38
96 51
99
182 54
31
99 56
19
145 172
22
164 185
57
57 59
84
76 72
51
115 0
26
15 62
49
161 116
62
59 105
36
18 67
27
193 68
43
124 5
60
8 59
2
94 62
21
168 11
18
173 126
8
71 115
51
167 52
21
186 65
92
131 129
15
57 180
48
29 118
1
189 70
79
194 185
3
106 72
73
4 61
61
91 178
79
17 0
91
110 191
69
94 183
97
127 131
66
121 57
77
140 70
35
30 198
70
24 124
12
184 113
20
57 72
34
87 180
88
54 3
15
73 16
80
18 80
36
31 19
76
17 121
42
36 134
29
182 188
45
154 126
59
195 127
20
140 191
50
126 27
83
186 78
92
98 194
11
24 16
38
101 199
38
1 32
85
73 137
1
147 86
95
174 189
57
86 76
8
149 132
71
107 135
60
179 11
69
170 191
64
156 27
33
101 91
54
128 194
59
12 19
17
58 135
25
163 188
33
80 153
100
33 78
17
107 27
98
52 91
48
19 143
32
198 145
48
46 17
57
49 22
97
155 189
96
114 151
56
7 25
100
172 92
14
125 17
9
144 30
15
75 196
51
88 135
89
33 199
32
148 149
9
146 76
5
5 100
97
60 36
16
65 151
43
123 92
53
21 81
11
114 43
12
81 95
94
141 146
62
53 33
21
125 138
51
72 46
55
58 148
85
56 38
16
171 25
92
129 28
23
132 33
31
51 108
43
197 162
3
35 100
49
169 100
16
7 38
47
172 105
70
143 47
73
129 149
10
47 110
35
148 162
44
146 89
13
46 151
22
5 113
47
132 154
100
44 41
55
159 28
17
178 41
69
7 159
39
136 44
86
141 159
31
120 36
49
139 49
4
39 111
70
97 52
92
138 90
12
157 103
5
60 170
77
44 162
50
32 108
90
178 162
58
90 49
91
29 39
74
34 154
45
153 105
63
111 108
72
185 57
1
50 98
2
124 47
67
113 154
87
27 114
24
25 41
3
90 170
89
2 57
97
76 6
6
62 108
41
103 109
75
120 49
52
106 114
47
185 178
31
4 103
4
18 1
14
152 1
16
97 65
63
23 116
52
124 168
5
196 44
100
44 175
20
118 124
28
71 49
9
136 178
91
120 170
36
139 183
94
106 6
29
6 68
55
147 7
60
78 173
12
105 47
17
124 60
81
8 114
6
127 65
10
113 167
14
27 127
74
140 4
66
85 68
23
186 120
80
184 47
34
103 122
93
15 9
16
161 63
80
18 14
44
193 15
11
177 7
38
163 109
63
195 61
41
98 128
93
115 68
77
161 184
97
18 135
24
59 173
45
45 9
9
31 74
23
91 125
49
196 178
69
110 138
65
8 127
2
168 79
23
11 132
58
107 69
64
126 82
70
198 187
65
131 197
92
79 7
42
184 60
67
10 136
70
101 25
34
87 127
73
40 15
9
100 66
85
64 143
100
193 28
84
158 7
69
3 133
82
77 82
96
108 186
68
22 146
48
61 74
91
195 74
33
10 28
98
137 69
38
156 82
69
40 136
68
174 136
66
191 76
71
17 189
23
149 79
87
135 144
53
176 182
40
52 146
100
167 133
12
146 10
59
46 72
35
5 34
56
63 12
57
82 25
64
109 128
6
188 192
100
67 131
53
12 195
55
121 138
76
181 152
82
0 77
27
74 26
1
93 39
31
179 79
5
63 133
11
51 42
15
95 85
16
169 34
71
114 98
43
155 136
46
172 39
30
70 28
100
190 93
51
33 146
24
0 198
36
46 85
82
5 47
85
32 150
48
65 98
17
150 142
84
169 155
28
21 28
48
81 42
31
26 106
22
153 147
43
199 34
12
28 152
60
162 152
59
74 39
54
146 144
18
5 168
54
165 157
29
13 29
90
118 45
85
104 147
11
150 34
28
136 99
57
81 163
26
180 142
1
39 166
73
92 29
92
37 93
56
171 93
72
97 107
11
157 158
36
9 31
6
32 163
67
151 114
78
145 40
21
90 104
34
169 168
73
48 107
23
81 55
74
153 160
52
20 45
97
4 37
78
157 50
83
124 102
74
55 2
93
160 55
16
187 158
26
13 42
31
25 96
59
104 160
34
145 161
46
30 174
74
117 99
88
81 176
91
134 39
19
175 40
28
34 101
92
180 155
50
139 117
97
199 168
53
92 42
41
37 106
2
23 171
53
143 7
95
113 101
27
187 50
55
154 102
42
173 115
14
11 53
99
30 66
97
145 53
64
57 169
22
186 54
29
87 48
94
1 8
25
119 0
79
110 180
58
163 43
33
187 171
82
173 7
89
30 187
52
184 102
90
115 2
58
120 117
55
4 171
43
133 56
91
23 184
13
182 177
77
11 66
43
85 15
96
131 131
97
189 72
34
188 113
71
64 77
85
50 179
59
91 180
37
17 2
60
108 120
86
182 69
21
195 8
61
79 62
79
112 10
39
184 115
97
24 126
62
156 16
44
1 142
82
18 82
80
174 70
97
64 198
14
12 8
83
17 123
26
3 188
15
195 129
49
107 16
46
112 131
46
198 134
3
65 19
9
73 139
1
12 129
49
141 14
34
191 131
33
58 16
33
3 80
87
77 29
35
168 147
8
80 34
25
181 86
51
24 139
100
68 145
63
21 70
62
100 134
45
86 199
39
12 21
95
144 140
73
75 77
6
33 80
55
93 94
36
165 199
16
46 19
91
51 97
68
183 24
66
155 191
87
67 78
39
141 27
58
31 155
26
72 156
11
158 196
51
125 19
63
88 137
1
104 81
6
123 94
53
21 83
38
95 32
56
81 97
23
34 22
3
139 38
95
116 91
36
129 30
23
148 43
61
146 199
74
113 22
92
178 151
46
16 89
36
48 41
13
67 91
86
172 107
14
72 169
84
166 33
87
185 46
30
28 99
6
129 151
37
146 91
33
187 92
83
46 153
74
132 156
38
151 169
31
25 30
2
44 43
36
49 158
91
178 43
100
164 108
33
136 46
35
120 38
39
39 113
13
199 102
94
166 154
43
185 167
96
97 54
21
83 156
11
14 56
61
0 158
13
159 151
36
178 164
42
71 38
9
16 102
91
2 167
39
35 115
95
53 169
86
166 46
7
111 110
96
185 59
43
152 111
63
56 174
94
129 164
7
8 103
28
113 156
90
159 43
100
30 121
21
145 108
81
85 57
76
29 162
46
20 113
83
64 119
63
110 6
43
55 70
98
182 111
47
25 164
59
159 164
88
118 126
7
2 180
52
103 3
29
120 172
99
106 8
41
6 70
44
133 111
12
36 178
31
3 1
69
11 121
80
30 134
87
131 186
4
161 65
52
147 130
73
45 119
35
119 68
58
174 4
57
163 111
27
108 175
64
127 188
24
66 178
53
186 14
95
10 17
41
115 70
19
15 132
87
1 197
27
54 60
79
73 73
67
188 60
8
133 124
13
18 137
64
193 138
65
31 76
2
110 140
97
121 6
54
52 135
73
198 189
86
131 199
65
186 135
47
65 74
97
184 62
73
170 127
54
115 191
21
189 140
86
142 65
90
54 181
7
1 89
65
87 129
31
100 68
60
177 22
4
3 135
7
61 76
27
135 25
9
121 127
88
33 14
91
93 28
27
79 130
96
10 30
21
137 71
79
82 135
62
142 186
30
109 9
39
169 23
46
31 89
22
70 17
4
75 132
25
149 81
65
148 85
91
181 33
25
93 149
28
46 74
97
10 151
91
63 14
89
49 79
58
54 194
29
169 144
22
26 95
61
12 197
36
61 89
35
162 141
74
146 133
58
5 157
50
192 20
40
82 148
62
178 85
36
169 36
51
134 15
34
67 25
87
158 143
9
199 144
51
116 146
8
135 159
77
9 20
17
28 33
42
47 46
38
129 85
92
187 26
68
192 141
30
151 103
1
123 41
83
150 144
6
169 157
34
62 31
76
26 108
88
153 149
73
111 152
4
83 90
43
0 92
58
160 44
56
146 146
21
5 170
73
13 31
45
44 98
90
159 85
17
197 111
25
117 88
58
81 165
19
53 103
88
180 144
33
92 31
64
37 95
98
56 108
31
9 33
50
50 34
93
14 111
75
27 50
87
32 165
95
71 93
71
30 55
81
164 55
17
76 171
71
103 45
58
48 109
88
122 58
60
106 50
72
6 112
63
39 60
80
92 152
27
185 114
23
23 52
22
97 1
77
124 104
60
41 106
88
27 171
4
187 160
61
118 60
45
2 114
84
117 101
8
15 53
9
106 171
79
133 45
85
78 109
38
23 173
13
138 160
1
50 47
45
55 125
99
96 163
57
127 1
56
118 181
10
186 56
4
103 58
33
189 61
85
87 50
97
106 63
63
133 166
99
152 179
32
78 1
96
64 66
99
105 104
67
50 168
11
110 182
76
22 69
12
8 171
41
127 122
68
80 10
72
99 60
84
30 189
6
145 176
49
43 128
99
103 179
34
122 192
10
87 171
27
106 184
20
18 71
71
59 109
73
78 122
33
119 123
48
64 187
85
17 112
60
36 125
45
196 114
77
96 176
69
55 138
26
154 117
63
99 181
8
126 18
93
189 74
28
73 128
85
119 15
9
91 182
95
75 174
92
8 184
50
121 61
86
66 125
34
52 190
68
126 139
57
186 190
24
179 2
44
79 64
64
184 117
65
43 141
72
189 195
16
161 133
54
147 198
76
40 72
54
45 187
22
119 136
28
193 85
95
58 126
34
130 2
77
75 66
76
176 118
92
195 131
43
107 18
76
167 69
4
179 123
55
46 8
2
137 126
77
82 190
39
156 139
73
109 64
66
155 180
92
147 90
21
141 16
49
191 133
94
58 18
44
190 137
11
181 88
84
0 13
11
19 26
59
79 77
21
170 195
90
63 69
23
128 198
95
21 72
75
40 85
14
155 72
15
100 136
17
72 37
22
70 193
96
130 15
34
171 16
71
116 80
51
33 82
62
0 134
63
148 32
88
179 136
48
46 21
38
63 190
70
68 39
7
155 193
99
114 155
41
7 29
55
153 83
5
56 150
25
102 37
52
162 88
95
148 153
34
0 26
2
41 27
6
192 196
35
44 32
40
21 85
4
95 34
39
81 99
21
141 150
22
180 78
25
56 42
14
116 93
42
160 99
98
159 140
15
35 104
31
7 42
62
53 158
7
172 109
83
171 150
41
14 166
5
127 43
45
187 94
58
104 96
62
178 45
46
164 110
19
2 48
56
81 112
70
34 37
31
139 53
61
166 156
62
185 169
30
4 94
45
23 107
11
97 56
36
102 171
58
143 172
84
41 161
23
25 153
66
44 166
90
159 153
58
118 115
75
16 104
19
57 105
86
76 118
39
136 169
64
29 43
56
139 174
30
166 48
16
69 115
5
127 56
17
27 118
4
2 61
13
15 0
1
106 118
35
166 169
32
105 159
67
55 72
87
127 177
61
173 64
12
85 180
6
18 126
32
193 127
7
45 0
14
191 54
9
17 167
65
110 129
76
108 56
100
182 5
71
22 16
64
154 172
18
181 9
41
126 73
16
184 51
95
29 177
58
170 116
83
15 13
2
18 18
84
193 19
44
191 175
44
64 134
2
17 59
47
91 8
31
3 124
78
94 13
41
176 52
74
121 116
2
80 78
65
126 194
26
79 119
57
98 132
54
10 19
70
170 8
10
115 72
78
156 73
33
101 137
47
73 75
5
17 180
74
177 132
28
3 16
10
168 83
67
47 22
31
162 9
62
52 137
44
126 86
2
198 191
73
186 137
27
79 11
27
170 129
85
189 142
81
73 196
6
188 183
2
163 126
81
61 78
100
135 27
93
66 193
60
195 78
19
33 16
50
101 150
81
142 188
84
109 11
84
155 127
18
174 140
24
12 78
13
75 134
33
171 71
60
88 73
94
33 137
27
5 38
4
137 194
12
109 132
14
128 145
97
40 32
87
172 151
18
39 36
90
199 25
78
125 76
77
42 78
28
102 92
30
88 194
98
5 159
45
81 154
47
155 140
58
125 197
61
37 84
9
42 199
22
116 148
100
14 100
56
93 164
31
151 105
13
90 95
19
150 146
15
199 38
53
23 41
63
28 156
61
143 106
3
96 31
75
146 148
70
5 172
65
32 46
14
44 100
44
104 151
93
178 100
30
16 38
49
180 146
17
199 159
34
138 149
43
97 111
81
50 36
99
96 152
76
8 39
77
27 52
80
32 167
83
118 170
99
145 44
99
16 159
90
62 46
19
153 164
20
6 114
60
152 168
10
4 41
14
64 55
53
50 157
2
124 106
28
27 173
3
118 62
1
159 100
18
131 1
77
175 44
11
20 170
84
6 6
76
4 162
74
78 111
52
23 175
36
18 60
3
152 60
56
91 50
55
94 55
62
27 65
37
154 106
17
173 119
16
118 183
27
11 57
66
85 6
58
71 108
70
103 60
79
189 63
64
87 52
88
6 127
12
124 119
53
36 6
75
8 173
93
80 12
100
85 127
17
38 52
62
142 109
20
87 173
94
101 71
4
59 111
76
133 60
45
45 176
37
17 114
98
91 63
84
177 66
54
110 76
3
182 181
20
168 17
25
80 133
40
126 20
51
167 58
5
38 173
70
10 74
29
175 178
56
68 15
74
183 2
100
142 1
82
133 181
33
174 182
48
86 69
82
130 112
68
163 60
46
149 125
2
121 63
10
66 127
53
140 76
23
126 141
85
167 179
81
98 79
78
84 181
66
189 197
95
63 58
82
137 7
4
174 74
71
86 190
86
31 25
14
3 192
94
149 17
38
80 146
61
140 197
69
93 85
77
63 179
62
137 128
42
170 76
94
51 88
48
128 79
87
155 182
34
7 18
40
67 69
30
86 82
50
72 147
99
58 20
50
70 74
21
89 87
6
149 138
35
42 12
49
176 12
81
47 90
67
167 192
63
5 93
40
165 82
3
170 197
74
49 136
68
109 187
66
183 136
49
68 149
34
155 74
39
67 190
49
141 139
68
158 79
74
88 20
51
0 136
98
74 85
51
179 138
87
51 101
84
109 79
99
21 195
14
150 80
79
7 31
54
172 98
32
72 160
25
144 36
97
185 37
41
5 106
64
165 95
39
132 147
59
178 34
100
123 98
26
144 157
26
185 158
8
37 31
30
56 44
86
171 31
36
83 147
90
23 96
87
60 163
59
200
50
9
67
10
48
15
6
23
12
38
38
42
6
43
49
44
38
48
84
51
17
57
59
58
81
62
2
67
97
70
15
81
96
82
15
86
39
90
90
92
21
93
37
94
58
96
95
97
78
107
95
110
56
111
90
114
69
118
97
120
7
123
63
125
26
129
8
130
48
134
87
144
80
147
72
148
92
149
86
151
90
168
45
170
24
172
91
180
21
181
89
182
20
189
23
197
84
198
56
199
79
