1 79.697
2 34.091
3 21.154
4 38.321
5 7.274
6 95.644
7 96.731
8 33.126
9 36.995
10 77.774
11 16.804
12 66.61
13 35.544
14 1.522
15 29.66
16 68.547
17 2.415
18 89.762
19 88.656
20 43.399
21 57.039
22 5.895
23 94.16
24 67.393
25 13.186
26 73.025
27 17.968
28 61.665
29 98.32
30 0.093
31 17.615
32 99.2
33 16.901
34 25.877
35 30.486
36 47.102
37 84.578
38 39.396
39 88.692
40 76.934
41 68.254
42 52.524
43 89.156
44 64.447
45 68.877
46 1.962
47 32.201
48 49.026
49 0.9
50 75.501
51 12.911
52 69.056
53 0.911
54 0.483
55 69.1
56 76.923
57 3.724
58 84.914
59 24.78
60 58.071
61 39.1
62 13.726
63 76.439
64 90.466
65 38.715
66 46.113
67 52.072
68 14.22
69 9.314
70 11.185
71 59.409
72 7.956
73 88.429
74 72.747
75 67.421
76 71.755
77 36.708
78 18.806
79 8.275
80 36.873
81 71.924
82 21.941
83 86.742
84 36.956
85 98.212
86 43.14
87 27.742
88 83.789
89 6.64
90 29.408
91 8.965
92 85.906
93 97.272
94 14.21
95 94.05
96 36.019
97 49.619
98 58.048
99 81.282
100 68.934
101 34.056
102 47.775
103 60.26
104 85.231
105 66.124
106 14.3
107 50.32
108 6.523
109 49.599
110 19.671
111 89.294
112 76.183
113 93.455
114 48.299
115 60.595
116 12.851
117 61.331
118 93.816
119 48.599
120 39.622
121 7.838
122 25.993
123 84.215
124 70.018
125 60.708
126 61.697
127 75.307
128 12.772
129 52.132
130 24.639
131 55.624
132 13.391
133 86.036
134 53.608
135 47.341
136 83.207
137 78.576
138 76.368
139 3.193
140 10.337
141 37.21
142 95.81
143 96.248
144 38.681
145 7.539
146 51.824
147 43.121
148 51.488
149 65.682
150 1.216
151 6.877
152 77.769
153 53.876
154 49.054
155 97.775
156 9.913
157 56.856
158 31.149
159 15.818
160 62.688
161 55.765
162 2.207
163 48.215
164 64.208
165 29.037
166 55.984
167 39.83
168 23.728
169 59.627
170 71.745
171 48.909
172 42.753
173 97.653
174 17.977
175 36.177
176 76.44
177 67.694
178 38.114
179 2.981
180 74.895
181 90.648
182 50.701
183 6.504
184 94.888
185 60.59
186 45.562
187 82.192
188 95.247
189 21.621
190 29.718
191 43.216
192 90.957
193 5.22
194 72.121
195 22.428
196 2.759
197 90.428
198 12.401
199 49.867
200 60.846
201 6.91
202 71.581
203 3.067
204 91.877
205 75.295
206 89.293
207 47.323
208 28.03
209 16.967
210 28.454
211 47.166
212 83.994
213 87.27
214 8.573
215 21.628
216 21.657
217 26.437
218 12.825
219 98.652
220 63.956
221 11.132
222 15.092
223 78.784
224 17.212
225 19.109
226 97.686
227 39.809
228 12.227
229 31.4
230 87.837
231 80.168
232 31.205
233 11.722
234 52.189
235 16.724
236 92.213
237 8.822
238 61.037
239 57.352
240 50.462
241 38.134
242 27.457
243 81.847
244 18.32
245 60.632
246 8.846
247 1.347
248 70.944
249 55.308
250 48.977
251 27.155
252 18.06
253 33.386
254 57.944
255 3.762
256 99.966
257 0.591
258 89.008
259 25.175
260 36.035
261 33.109
262 55.156
263 11.917
264 2.255
265 1.257
266 54.462
267 59.479
268 90.751
269 69.791
270 71.932
271 42.347
272 56.856
273 30.29
274 56.372
275 76.186
276 8.664
277 65.843
278 12.246
279 99.51
280 6.326
281 52.963
282 65.474
283 53.636
284 14.2
285 33.817
286 82.546
287 44.515
288 73.075
289 54.788
290 33.828
291 46.464
292 32.857
293 52.87
294 69.117
295 25.354
296 20.163
297 4.562
298 26.056
299 51.6
300 97.371
301 36.546
302 90.588
303 87.524
304 58.903
305 11.609
306 79.626
307 31.355
308 71.134
309 3.331
310 17.64
311 29.266
312 81.177
313 14.161
314 78.634
315 28.796
316 8.606
317 13.294
318 50.313
319 38.641
320 47.234
321 8.2
322 43.993
323 98.326
324 16.622
325 30.226
326 83.369
327 28.337
328 20.576
329 35.658
330 48.763
331 26.772
332 37.477
333 62.442
334 30.482
335 30.025
336 89.481
337 75.012
338 14.481
339 43.908
340 36.102
341 59.901
342 12.347
343 34.935
344 82.145
345 23.427
346 14.154
347 2.334
348 64.362
349 21.879
350 68.232
351 99.001
352 9.596
353 18.902
354 68.731
355 7.067
356 79.612
357 50.457
358 4.183
359 1.804
360 81.712
361 2.695
362 77.207
363 46.769
364 87.316
365 5.666
366 1.864
367 31.689
368 53.879
369 90.911
370 68.73
371 14.743
372 7.469
373 32.379
374 12.207
375 47.791
376 46.266
377 22.747
378 1.169
379 50.068
380 14.441
381 34.277
382 75.178
383 5.088
384 55.206
385 54.633
386 74.893
387 89.334
388 46.996
389 81.714
390 78.834
391 75.192
392 99.984
393 80.064
394 70.071
395 19.535
396 2.304
397 34.522
398 43.556
399 74.911
400 27.618
401 10.287
402 36.662
403 52.909
404 69.553
405 77.15
406 4.517
407 52.218
408 9.404
409 79.102
410 63.162
411 40.754
412 97.179
413 54.057
414 80.455
415 66.976
416 98.845
417 47.649
418 99.322
419 91.18
420 1.88
421 94.719
422 43.689
423 21.348
424 33.979
425 22.561
426 80.8
427 52.546
428 90.427
429 43.39
430 72.974
431 2.786
432 35.231
433 57.197
434 57.981
435 6.302
436 42.907
437 62.444
438 26.883
439 76.554
440 75.664
441 77.025
442 69.688
443 52.91
444 39.989
445 92.448
446 41.19
447 28.584
448 78.218
449 85.623
450 89.591
451 21.876
452 38.542
453 36.782
454 98.565
455 75.954
456 80.53
457 91.501
458 69.073
459 42.199
460 22.01
461 3.125
462 1.766
463 5.728
464 25.169
465 9.824
466 6.586
467 93.439
468 79.371
469 86.407
470 32.208
471 40.334
472 52.262
473 31.407
474 43.489
475 66.7
476 41.326
477 42.015
478 19.979
479 6.738
480 32.716
481 75.517
482 82.657
483 0.916
484 25.809
485 30.974
486 40.298
487 71.189
488 58.432
489 71.612
490 22.969
491 2.964
492 0.507
493 69.395
494 96.043
495 59.229
496 26.647
497 70.065
498 28.794
499 81.559
500 91.112
501 21.949
502 19.057
503 11.817
504 84.996
505 7.21
506 52.279
507 87.599
508 4.571
509 91.058
510 72.852
511 12.022
512 34.472
513 86.138
514 43.652
515 19.036
516 80.045
517 71.823
518 46.478
519 17.309
520 68.219
521 87.724
522 35.561
523 46.614
524 7.815
525 82.394
526 60.333
527 97.751
528 26.543
529 0.424
530 18.653
531 56.001
532 67.034
533 46.91
534 68.025
535 74.35
536 91.783
537 79.062
538 64.552
539 26.003
540 42.785
541 3.176
542 32.5
543 72.324
544 30.522
545 85.903
546 89.113
547 98.617
548 81.771
549 81.284
550 94.014
551 21.392
552 97.904
553 25.928
554 72.218
555 11.588
556 2.219
557 17.03
558 61.044
559 2.502
560 4.162
561 6.023
562 59.32
563 47.845
564 52.725
565 3.308
566 70.393
567 64.385
568 56.879
569 48.548
570 55.689
571 38.382
572 63.476
573 19.014
574 14.444
575 55.651
576 76.933
577 32.243
578 71.183
579 13.511
580 33.846
581 4.856
582 42.651
583 1.705
584 35.618
585 80.352
586 59.391
587 56.675
588 83.574
589 71.433
590 34.481
591 32.132
592 23.453
593 0.944
594 26.59
595 5.699
596 57.065
597 38.231
598 74.109
599 84.058
600 88.035
601 11.72
602 65.108
603 72.51
604 93.179
605 46.341
606 59.136
607 88.654
608 49.64
609 35.005
610 13.253
611 78.486
612 69.398
613 94.795
614 42.646
615 97.49
616 46.683
617 37.872
618 71.13
619 1.648
620 1.842
621 16.746
622 56.771
623 2.143
624 61.836
625 93.975
626 15.237
627 28.461
628 91.091
629 27.538
630 25.018
631 98.125
632 71.011
633 55.065
634 6.578
635 35.806
636 10.854
637 9.538
638 59.555
639 44.586
640 69.51
641 99.28
642 78.615
643 64.325
644 31.179
645 67.355
646 64.913
647 81.399
648 11.262
649 31.162
650 65.124
651 3.813
652 45.675
653 99.945
654 37.934
655 60.967
656 73.2
657 89.893
658 25.599
659 91.227
660 85.144
661 85.807
662 24.223
663 2.947
664 0.963
665 79.982
666 99.439
667 82.52
668 74.862
669 36.556
670 46.769
671 31.354
672 70.447
673 16.191
674 0.548
675 3.722
676 80.985
677 92.405
678 48.335
679 18.055
680 88.319
681 7.591
682 95.72
683 1.148
684 77.732
685 81.84
686 52.482
687 30.676
688 38.151
689 31.49
690 93.576
691 57.462
692 88.213
693 78.006
694 38.483
695 90.139
696 90.926
697 28.802
698 85.991
699 23.706
700 91.142
701 22.52
702 40.371
703 40.784
704 11.993
705 95.209
706 8.367
707 40.338
708 96.699
709 62.618
710 99.81
711 93.41
712 41.961
713 78.264
714 17.696
715 13.892
716 69.252
717 49.793
718 35.155
719 27.309
720 65.076
721 40.883
722 95.379
723 45.622
724 36.189
725 70.288
726 65.492
727 5.886
728 27.321
729 75.222
730 19.381
731 24.797
732 55.894
733 50.752
734 55.781
735 88.289
736 53.372
737 2.552
738 50.975
739 21.287
740 2.136
741 27.869
742 54.487
743 69.014
744 7.463
745 3.126
746 19.089
747 40.041
748 50.425
749 72.366
750 97.126
751 41.458
752 72.64
753 62.273
754 5.015
755 31.034
756 67.159
757 60.022
758 8.494
759 48.138
760 92.759
761 14.842
762 9.848
763 50.936
764 8.494
765 7.597
766 0.95
767 71.633
768 26.209
769 37.53
770 14.221
771 23.506
772 77.985
773 19.541
774 57.823
775 80.83
776 89.869
777 46.927
778 2.044
779 60.16
780 18.86
781 20.491
782 48.232
783 6.166
784 7.585
785 10.166
786 22.618
787 69.345
788 74.278
789 88.208
790 70.941
791 83.643
792 95.717
793 65.956
794 28.55
795 6.593
796 62.252
797 1.835
798 75.8
799 12.162
800 80.24
801 95.722
802 19.386
803 55.71
804 69.959
805 81.07
806 60.509
807 38.081
808 77.576
809 4.44
810 11.04
811 0.462
812 56.82
813 49.319
814 77.595
815 2.754
816 10.171
817 21.692
818 10.698
819 24.58
820 21.415
821 57.645
822 78.78
823 70.198
824 62.529
825 61.289
826 20.348
827 77.309
828 23.022
829 62.545
830 1.037
831 89.541
832 44.655
833 28.939
834 31.985
835 26.922
836 56.739
837 93.341
838 44.995
839 4.312
840 21.798
841 92.765
842 53.323
843 24.806
844 55.425
845 34.553
846 64.142
847 99.299
848 90.646
849 44.347
850 82.962
851 72.607
852 85.517
853 67.943
854 81.567
855 38.588
856 15.377
857 62.39
858 56.276
859 82.9
860 68.643
861 99.093
862 12.264
863 27.18
864 85.494
865 3.368
866 38.096
867 97.605
868 32.843
869 13.358
870 67.171
871 64.685
872 49.955
873 78.767
874 60.928
875 38.364
876 43.715
877 97.365
878 25.437
879 21.131
880 4.241
881 87.518
882 69.005
883 36.049
884 4.195
885 38.832
886 15.315
887 37.237
888 57.408
889 50.223
890 62.188
891 6.031
892 62.993
893 90.418
894 57.305
895 74.709
896 42.85
897 95.647
898 81.448
899 13.561
900 41.577
901 41.796
902 64.754
903 0.3
904 56.635
905 4.151
906 94.7
907 87.761
908 34.556
909 89.163
910 64.273
911 84.245
912 55.843
913 29.154
914 77.111
915 66.934
916 76.511
917 85.915
918 22.093
919 2.606
920 73.45
921 76.373
922 76.479
923 96.403
924 48.268
925 20.581
926 92.174
927 61.847
928 75.629
929 2.048
930 72.716
931 42.597
932 76.94
933 78.055
934 75.05
935 57.288
936 54.009
937 13.959
938 97.766
939 90.226
940 41.56
941 48.456
942 20.678
943 41.96
944 40.435
945 62.462
946 94.137
947 35.332
948 46.413
949 30.494
950 92.225
951 83.271
952 35.354
953 54.169
954 77.691
955 23.75
956 87.468
957 51.9
958 56.852
959 87.889
960 62.669
961 84.194
962 1.318
963 55.537
964 33.997
965 97.906
966 48.986
967 23.541
968 52.834
969 20.442
970 73.857
971 22.21
972 28.746
973 27.021
974 5.132
975 47.336
976 31.797
977 15.715
978 3.623
979 76.43
980 83.538
981 6.65
982 85.134
983 6.878
984 37.773
985 27.032
986 23.199
987 56.697
988 52.484
989 24.737
990 64.116
991 8.283
992 40.342
993 66.315
994 66.576
995 64.686
996 51.306
997 77.171
998 95.275
999 82.107
1000 4.809
