500 500
2500
227 11
61
98 275
76
317 350
57
241 440
86
376 256
54
301 491
100
158 442
46
56 394
54
420 182
48
450 470
97
431 191
53
284 29
67
29 68
71
389 460
80
274 473
53
435 161
48
393 201
56
70 185
48
449 361
49
490 362
75
408 329
23
12 100
50
13 65
9
150 479
40
266 16
51
95 363
69
196 37
25
55 61
57
288 120
97
266 281
18
51 356
95
272 32
86
157 194
4
108 189
25
311 23
79
461 456
22
274 221
26
131 321
3
138 217
33
458 307
69
483 251
47
429 280
12
154 161
100
479 366
51
364 150
82
227 410
16
402 262
76
14 37
94
341 252
2
159 132
13
465 467
90
452 119
9
317 160
18
141 492
69
456 238
82
408 198
73
65 353
61
265 378
10
354 227
13
371 396
3
313 46
81
136 413
36
237 316
43
204 139
75
343 334
16
344 33
85
241 57
37
98 386
99
119 180
90
71 140
9
413 169
64
62 320
9
45 496
66
463 255
79
475 80
1
134 461
54
215 269
48
328 475
98
415 443
98
281 214
77
178 387
58
10 394
10
499 293
38
192 142
60
290 448
83
316 357
96
342 495
48
303 9
39
308 353
2
20 215
76
354 469
45
321 292
1
38 120
98
462 2
100
58 98
78
74 42
35
266 212
65
14 256
80
350 62
88
96 66
42
300 241
7
267 64
40
251 205
36
499 41
20
176 440
21
269 253
58
267 329
53
265 139
71
392 329
35
377 200
20
1 178
12
38 362
73
442 37
66
53 225
94
103 82
76
404 10
64
129 220
48
308 451
38
0 106
54
347 70
45
478 224
76
358 79
84
127 146
69
469 175
9
467 480
83
14 125
54
458 22
26
309 308
94
60 241
2
477 35
12
381 147
69
261 2
42
186 237
19
4 197
34
407 56
95
298 149
28
130 193
72
485 241
39
107 438
87
54 283
37
187 318
11
286 440
56
222 10
59
147 245
21
306 418
37
100 170
12
92 166
32
379 259
22
56 243
66
172 9
88
185 128
46
308 464
83
410 66
12
315 94
1
44 354
3
258 463
48
170 350
41
499 260
97
226 22
57
369 330
25
107 330
32
345 467
66
38 316
26
407 33
6
406 217
70
7 99
64
396 289
53
209 54
1
200 234
77
16 184
22
424 387
99
171 472
59
197 344
35
175 442
16
491 153
28
267 296
89
402 75
92
179 183
29
119 281
76
131 255
59
406 194
97
203 131
96
349 105
50
450 8
40
428 69
48
481 224
54
233 159
11
404 386
81
121 363
8
422 440
11
426 410
31
136 491
83
123 372
64
393 4
45
297 445
53
263 303
3
412 246
19
395 422
12
376 180
19
487 276
59
298 489
66
278 431
28
117 105
86
315 169
52
273 352
94
82 492
18
89 351
83
313 16
100
391 344
39
143 242
66
324 25
41
8 283
96
209 44
39
100 137
77
224 432
16
210 268
20
409 334
12
192 485
66
172 241
69
93 97
87
30 157
65
299 202
52
150 488
72
251 162
76
376 422
27
340 499
35
175 23
50
483 139
14
246 312
44
191 376
30
463 346
78
429 204
37
416 85
76
324 267
12
169 393
37
371 199
54
116 238
69
381 392
45
309 144
81
408 266
10
126 251
57
253 63
50
97 224
7
379 59
22
146 382
63
78 476
44
448 158
28
140 42
79
16 272
54
58 9
25
235 459
14
176 1
64
286 361
28
476 113
93
341 68
47
453 129
91
289 286
84
330 324
35
281 282
64
357 12
41
341 333
22
185 85
71
317 470
56
124 75
2
195 364
69
401 240
12
44 82
21
345 159
76
91 163
83
42 387
62
325 101
64
49 17
36
94 168
76
300 273
14
354 393
48
31 377
35
305 388
29
110 441
59
178 167
73
395 281
44
490 24
13
307 168
31
178 432
16
10 439
28
451 447
100
469 495
80
103 258
79
34 424
67
247 159
10
462 47
72
387 282
24
43 472
19
15 410
13
250 164
49
61 148
60
431 59
81
447 449
72
74 87
56
140 32
91
193 187
29
404 487
27
305 365
34
498 414
95
184 75
68
250 20
44
11 412
89
281 7
7
456 8
44
64 158
84
157 206
78
442 455
97
293 246
75
143 78
57
230 83
47
67 205
90
82 184
93
5 458
43
475 115
78
225 498
87
192 321
38
352 273
82
9 56
81
465 70
65
395 271
31
141 275
70
99 129
95
463 146
82
452 396
7
190 396
14
325 212
54
497 404
99
469 76
37
474 420
60
252 456
16
447 174
36
152 140
19
324 332
67
63 148
8
370 448
42
381 457
55
383 9
86
422 266
49
276 32
94
258 243
43
257 427
86
43 89
25
202 491
33
245 44
87
215 281
81
320 74
9
444 289
54
340 168
30
183 370
21
218 62
44
211 23
20
66 459
14
176 102
4
342 363
32
209 99
37
273 263
46
448 115
66
67 15
12
455 11
53
160 322
100
328 464
27
487 488
33
162 23
56
183 491
54
259 221
81
406 154
70
358 343
33
226 44
19
426 69
99
195 465
74
69 240
75
74 175
98
91 493
49
439 453
38
217 340
45
104 54
33
491 463
63
121 143
15
301 339
9
37 409
22
361 124
55
244 442
41
452 242
21
427 69
98
423 444
81
276 431
75
271 87
94
355 166
54
494 324
97
319 243
20
145 356
69
31 334
30
380 488
39
68 481
96
459 488
49
344 421
75
117 150
50
216 272
35
412 147
22
355 287
87
127 14
59
65 368
66
413 148
6
171 206
56
365 71
8
207 308
52
78 423
27
394 134
89
318 261
52
202 458
45
457 419
3
497 263
46
148 487
63
301 437
94
489 408
32
25 124
34
91 218
28
61 455
29
250 242
13
161 313
96
73 429
36
60 230
74
450 7
54
193 265
75
83 479
13
14 379
63
60 495
12
271 41
46
463 391
65
447 383
73
460 322
30
370 428
3
88 450
42
471 331
17
68 206
36
27 354
9
343 182
83
266 456
88
307 79
1
13 47
25
38 220
54
481 115
93
380 69
55
455 99
54
440 199
88
499 285
1
127 413
31
318 130
6
34 371
13
269 88
99
155 252
77
60 243
87
334 74
43
231 390
89
123 299
64
263 459
86
259 80
45
143 277
10
116 260
81
141 353
11
396 314
59
8 89
55
147 247
92
421 487
78
445 435
49
401 20
92
157 297
24
116 116
24
21 144
15
458 145
97
26 451
78
461 379
7
394 389
74
388 166
31
212 498
8
477 243
100
309 287
85
239 451
13
449 32
73
235 72
83
480 285
89
331 305
96
431 392
60
418 459
19
8 295
64
181 137
42
19 75
73
387 242
36
71 122
66
337 241
9
295 95
48
410 45
83
158 126
77
485 341
78
384 438
13
116 129
69
262 183
89
122 172
76
497 86
76
214 255
96
221 151
88
397 493
93
486 305
27
406 196
91
227 490
25
479 37
45
11 457
86
260 258
47
306 374
22
441 190
12
333 99
95
166 71
2
305 266
13
397 349
27
9 124
57
106 465
79
302 260
11
159 477
65
275 243
23
125 335
77
265 229
10
269 428
57
80 412
4
314 350
79
89 497
28
319 56
72
401 95
66
2 120
62
156 178
62
229 248
35
356 352
38
389 386
58
106 177
41
79 80
13
110 296
54
194 146
100
64 445
59
265 206
48
108 488
10
292 80
9
183 402
66
190 32
50
21 111
8
320 407
10
453 33
37
266 27
64
333 462
56
309 254
91
199 382
57
489 221
97
413 491
58
291 465
81
117 349
23
175 290
83
196 84
13
444 298
95
464 164
66
227 300
40
205 398
88
305 256
62
424 356
57
310 334
94
168 250
9
335 427
21
128 214
84
221 262
71
495 236
55
470 63
41
317 495
40
22 461
13
30 136
13
1 258
73
206 398
33
462 95
77
184 496
85
254 66
48
448 160
31
467 30
81
146 240
30
8 10
61
181 81
52
154 64
97
369 397
92
245 367
18
257 341
20
450 98
53
436 163
93
399 281
23
212 46
17
14 290
59
268 206
42
165 459
82
141 251
57
132 282
83
141 22
41
494 140
32
67 338
2
334 273
71
16 372
14
245 344
51
251 275
72
350 397
60
170 21
17
323 263
8
221 252
11
302 60
45
148 2
22
414 9
83
8 373
52
463 279
97
140 263
38
433 287
4
366 346
61
151 43
18
366 117
74
282 383
55
21 199
16
344 178
57
173 476
84
451 161
26
144 269
75
189 11
10
463 400
49
176 78
68
146 315
57
66 206
77
279 350
56
396 81
59
135 76
65
415 359
72
34 259
35
148 15
74
200 291
79
112 178
90
150 470
97
263 347
83
222 80
61
17 471
16
381 73
99
353 240
27
143 430
13
160 370
43
302 194
30
226 92
56
136 427
66
215 162
4
78 422
2
405 408
51
244 225
91
270 363
2
259 125
73
135 318
99
376 381
9
257 164
94
179 361
91
453 484
19
37 277
57
351 473
91
21 418
90
390 135
71
276 299
76
494 372
21
367 417
26
363 38
51
338 390
13
295 428
32
229 303
30
238 43
80
41 23
43
84 479
53
477 324
46
370 198
3
381 436
91
427 323
90
155 395
70
254 108
56
339 66
59
42 225
100
48 268
12
139 157
81
440 234
82
68 362
15
431 185
64
201 483
15
96 201
89
340 412
38
27 330
58
308 200
33
73 68
51
21 143
98
155 372
41
308 236
25
363 172
83
349 8
34
86 272
32
331 448
34
493 367
18
298 271
48
205 80
43
479 203
5
270 209
1
121 495
72
47 280
77
260 424
75
7 244
52
334 230
60
430 463
52
228 477
6
441 212
23
247 118
76
435 397
13
476 435
86
340 245
46
489 145
89
357 334
63
102 373
12
257 396
48
436 398
39
428 394
3
220 365
78
415 195
7
248 18
49
118 317
54
406 375
59
185 227
34
195 457
40
120 134
51
239 463
55
5 296
72
408 421
67
201 473
45
317 10
19
262 74
73
495 425
100
252 438
1
427 290
17
453 428
53
494 51
99
460 324
35
393 5
41
397 155
52
66 284
64
59 245
41
440 345
61
13 49
76
69 438
56
250 221
79
191 400
67
57 320
31
263 425
50
197 214
45
228 467
12
295 228
4
408 434
13
179 282
58
279 140
66
431 8
6
423 4
88
415 149
25
185 361
60
291 379
75
438 398
31
14 479
81
470 350
43
494 329
45
411 35
95
386 387
43
121 498
13
471 202
52
383 318
66
362 295
97
269 67
7
295 205
60
290 10
61
71 497
48
174 244
24
113 85
12
151 340
79
306 363
33
144 301
31
479 291
3
396 293
62
452 453
8
226 376
44
378 95
40
223 221
36
491 301
56
289 166
74
11 338
95
258 215
70
259 180
30
319 45
20
173 485
71
309 266
74
160 137
36
281 18
55
459 470
52
31 172
47
230 238
65
142 125
1
87 189
20
126 409
81
301 298
45
186 460
94
181 116
69
487 388
68
171 188
61
470 484
17
397 122
16
33 483
74
417 100
64
255 267
59
327 435
25
65 435
77
2 495
61
177 347
48
439 124
47
18 210
79
179 164
17
273 320
27
140 56
26
430 420
36
331 32
42
69 261
27
483 395
10
196 73
55
175 279
18
294 379
21
73 2
12
346 426
15
428 50
48
372 335
39
193 67
85
218 240
79
36 349
13
185 63
1
156 265
45
464 418
10
176 280
86
458 258
96
143 66
19
153 376
16
443 215
32
253 234
16
119 383
99
247 160
78
459 339
18
235 185
93
234 77
38
232 296
41
351 253
43
129 289
62
282 153
93
240 385
20
140 69
58
480 254
78
75 434
95
68 309
63
89 103
71
478 293
3
270 264
89
251 22
28
469 473
30
66 385
85
195 270
56
128 180
99
116 471
28
82 329
90
54 496
75
395 151
48
51 490
12
97 457
40
76 434
44
438 378
69
419 99
70
453 12
36
380 28
1
451 317
53
482 304
26
235 18
35
425 444
50
8 421
11
295 185
63
386 452
11
232 394
25
174 44
83
5 86
43
320 98
34
425 300
39
343 347
85
147 435
92
143 56
40
183 129
10
21 67
4
474 421
76
2 462
39
390 458
100
45 15
96
311 314
44
14 436
95
170 46
29
42 126
95
409 328
90
371 36
22
67 448
53
242 300
4
188 329
81
147 291
18
70 224
3
291 192
67
153 487
36
113 451
42
383 275
99
148 292
70
417 188
28
134 245
44
266 284
83
332 458
47
338 389
93
379 161
4
268 473
46
484 363
26
308 137
29
238 307
39
284 274
27
324 81
37
429 283
67
74 55
14
57 411
65
199 86
50
353 144
71
216 404
12
295 319
53
490 149
87
48 182
27
353 409
90
453 496
89
237 234
13
130 108
93
115 208
86
80 479
98
477 215
24
326 428
75
301 255
90
393 338
99
119 98
79
171 374
46
171 145
22
350 376
63
272 48
37
345 32
18
124 33
63
128 183
34
160 215
7
60 48
79
292 291
81
124 298
92
377 478
45
432 414
77
189 278
17
96 236
95
449 354
91
242 290
48
25 292
34
169 40
92
433 266
74
245 444
54
168 340
17
230 172
28
41 156
29
71 444
26
332 448
47
278 248
35
48 280
81
14 138
53
188 211
67
409 30
77
116 451
67
256 345
38
209 270
55
483 244
48
172 431
33
435 167
59
211 279
27
351 439
19
306 22
95
444 401
28
490 368
48
19 374
94
280 415
35
221 100
39
332 196
61
171 99
37
41 398
89
8 221
6
63 273
85
251 244
41
97 149
11
451 418
76
409 272
59
163 396
99
271 307
65
476 447
77
107 235
43
457 204
6
456 388
78
376 216
52
476 303
4
253 145
92
479 228
68
245 61
52
397 275
53
237 57
44
431 151
64
69 64
49
342 488
35
268 44
4
448 240
79
200 175
58
262 86
33
442 282
76
451 22
97
475 230
4
267 201
76
139 244
96
56 246
25
77 189
27
262 351
27
288 489
66
472 81
71
15 214
82
160 303
24
409 141
90
323 101
61
169 43
84
146 176
75
321 177
34
441 93
60
466 266
56
178 128
2
344 389
79
82 240
9
296 349
78
87 355
52
490 214
34
219 394
45
185 252
11
427 14
60
311 248
1
28 305
99
230 31
8
293 50
62
239 79
95
427 50
91
223 400
100
272 113
19
164 314
31
397 144
34
286 276
66
380 240
85
286 312
61
357 350
55
218 406
76
111 51
13
436 485
31
392 70
62
115 21
45
363 272
40
428 252
16
414 354
28
361 82
56
412 393
77
14 383
96
229 308
15
376 327
64
161 173
99
273 463
11
452 465
35
106 57
13
280 130
31
371 248
18
102 352
100
484 274
99
186 351
13
53 87
85
173 3
6
105 363
88
474 80
67
170 114
57
121 487
29
399 86
33
134 277
85
497 100
58
99 319
98
20 175
91
258 83
85
175 314
89
135 241
31
114 38
87
338 457
84
199 262
23
412 406
10
371 225
85
236 180
72
136 242
30
437 319
31
1 17
79
469 122
27
406 331
90
144 182
19
114 339
64
241 380
39
106 335
99
188 374
9
127 129
20
207 387
17
285 77
77
353 477
95
46 326
48
203 389
72
339 133
32
91 68
93
215 363
38
236 157
26
60 489
19
308 182
58
393 406
86
177 107
21
104 123
40
431 252
3
465 394
51
349 448
27
497 54
24
151 463
14
413 469
26
305 149
50
217 265
12
356 343
10
188 387
52
274 390
91
221 155
11
164 438
7
138 386
37
369 169
53
239 59
42
103 55
57
322 179
93
33 76
87
221 47
13
80 416
45
128 84
90
463 303
99
125 424
25
365 405
50
393 95
50
449 255
42
4 399
45
25 193
50
213 164
20
133 55
68
212 348
53
273 178
77
398 438
47
305 247
21
150 373
27
2 209
59
60 299
73
87 24
36
178 62
37
42 138
27
285 8
79
268 364
23
384 167
74
323 300
15
450 112
14
17 230
72
434 24
40
244 272
28
491 378
73
242 348
95
356 333
79
69 11
43
268 220
35
494 154
79
192 347
2
17 495
85
406 455
69
145 271
68
345 296
59
156 280
90
394 337
58
58 388
9
152 166
46
423 480
77
192 59
4
76 256
2
350 267
57
449 389
81
262 383
75
297 261
79
383 35
98
488 237
6
305 381
19
166 186
50
28 481
4
47 494
59
74 368
20
42 7
83
450 210
21
494 396
66
308 126
24
152 287
89
482 162
52
284 443
65
137 244
3
136 199
90
109 182
34
327 404
57
106 27
86
379 451
85
226 358
60
432 426
21
337 454
29
390 51
43
8 135
27
54 102
79
181 206
62
466 455
87
70 455
72
121 12
28
474 279
38
366 108
50
277 259
56
451 332
96
160 348
30
114 152
59
281 0
80
213 131
16
170 398
22
166 19
67
3 141
80
315 407
22
60 446
21
179 483
38
402 146
3
462 197
4
201 13
2
240 233
62
190 412
51
368 10
87
317 44
42
47 183
89
342 137
98
139 37
91
144 152
30
345 142
47
156 355
84
346 107
18
363 196
35
20 351
63
141 232
38
319 269
93
493 162
75
432 295
87
390 149
4
60 423
76
307 151
66
194 94
40
268 43
95
493 427
98
170 411
21
374 61
59
62 469
46
277 128
61
497 397
45
438 82
40
337 179
65
199 474
75
367 287
88
72 253
96
64 249
84
252 220
13
200 30
100
115 331
77
457 360
99
21 324
57
329 440
25
262 350
76
161 447
81
128 41
87
160 73
40
66 66
94
473 304
100
285 253
9
496 293
5
321 212
47
93 168
34
170 159
100
470 420
59
362 329
91
438 59
75
115 43
46
360 139
58
390 427
88
68 376
47
157 225
41
412 186
18
423 195
3
389 468
41
74 47
14
118 233
65
174 134
23
146 152
7
377 313
58
329 273
90
375 389
16
52 144
19
385 433
75
280 8
3
432 285
28
377 349
39
310 259
78
271 188
95
235 265
36
276 303
61
274 193
61
386 434
1
354 222
68
8 488
8
68 124
49
454 425
9
316 195
74
489 303
21
420 432
87
145 84
32
217 189
43
245 171
92
292 103
49
117 251
84
84 74
45
190 235
71
224 84
61
418 364
96
5 454
51
241 173
51
52 386
99
441 347
49
258 491
76
205 336
79
89 304
50
54 432
97
383 113
53
305 459
94
331 331
12
311 93
47
26 369
82
203 2
95
18 365
97
73 72
57
99 210
63
53 243
88
36 419
3
177 129
59
190 68
78
428 385
59
276 257
99
65 482
63
288 82
75
185 398
43
60 138
100
445 474
73
184 290
34
176 435
23
131 18
22
196 264
6
216 242
75
476 318
74
228 216
86
309 61
97
171 356
72
124 244
89
80 317
19
114 230
99
315 220
18
428 97
8
220 68
98
156 312
39
406 78
82
343 175
17
389 291
34
45 481
36
295 98
94
243 316
60
303 367
79
380 62
38
413 10
65
479 184
93
309 447
84
201 356
46
475 330
62
253 366
28
72 354
62
333 246
8
164 437
28
398 375
83
426 294
58
290 433
4
68 320
97
408 425
25
316 162
62
104 279
10
392 337
12
230 275
22
451 243
48
181 382
26
334 332
95
352 380
98
300 190
60
11 87
95
493 96
36
129 228
62
274 317
64
47 9
67
242 105
36
279 252
94
31 150
67
373 179
98
257 4
74
489 247
54
149 407
54
43 160
73
90 92
28
188 255
10
97 396
6
221 23
62
259 315
38
76 422
71
431 241
69
136 244
1
237 147
60
176 137
44
320 410
17
476 20
42
367 113
43
178 97
69
281 418
96
188 147
45
121 57
58
449 2
62
254 92
93
413 494
62
415 9
65
380 317
39
397 486
88
28 274
34
229 264
62
289 49
25
140 335
25
85 399
97
67 122
18
447 343
97
159 205
21
296 439
65
344 250
41
370 388
28
106 458
51
29 360
19
14 460
94
457 392
64
69 167
85
264 226
69
41 334
7
467 442
26
328 18
86
30 175
54
2 342
79
222 116
12
68 58
92
140 312
23
301 266
42
107 135
59
167 186
69
425 481
44
377 404
54
14 352
10
61 284
23
42 42
80
365 21
73
106 435
18
355 93
71
184 211
40
129 195
90
424 192
90
121 191
48
340 229
59
401 474
48
467 455
23
414 300
15
421 159
55
86 89
42
9 480
25
38 49
30
282 409
31
435 322
54
301 279
78
206 270
46
93 213
33
72 419
42
125 282
78
428 54
34
270 291
9
77 125
44
190 2
49
151 419
82
332 122
51
497 455
14
15 415
81
270 147
23
410 41
33
461 352
80
411 6
12
294 95
99
280 197
69
246 55
96
78 62
7
215 476
51
370 499
24
234 346
77
5 486
72
125 439
19
307 150
16
158 436
100
4 149
58
456 13
39
70 94
28
310 304
77
330 319
18
444 304
86
476 373
100
41 36
80
155 58
38
206 103
75
38 147
65
466 179
37
197 283
91
324 95
31
234 467
91
395 155
49
206 368
11
25 64
6
480 199
99
466 35
44
134 465
85
281 398
78
361 427
95
382 221
99
340 75
18
131 230
59
84 155
40
369 367
20
475 385
14
476 121
60
155 35
7
371 413
83
137 246
91
194 142
23
31 264
85
186 287
77
222 469
55
75 307
49
87 281
4
147 295
80
327 491
64
447 444
88
283 76
16
329 43
27
233 75
38
79 17
12
202 496
23
19 411
60
389 359
59
6 212
21
319 114
14
484 367
4
262 254
11
397 70
17
248 319
31
335 387
91
418 13
41
309 335
18
246 166
88
375 51
19
321 80
73
457 349
66
458 314
70
196 165
47
389 480
37
212 438
37
58 380
82
413 428
50
459 395
58
134 226
41
295 143
30
448 385
25
12 349
49
361 237
21
159 139
47
229 463
90
434 78
35
299 33
24
88 344
45
411 94
83
488 314
84
214 74
94
305 458
85
373 247
100
237 323
36
293 483
92
276 171
35
200 32
13
156 334
9
458 327
56
447 434
64
444 248
27
467 497
80
365 220
81
343 318
54
391 129
59
120 160
9
164 495
50
421 8
70
70 159
96
472 468
1
286 457
10
168 56
81
0 100
88
200 45
61
103 341
68
412 44
57
275 304
45
5 443
95
201 126
63
326 386
33
38 248
46
413 274
68
251 212
95
174 257
73
495 163
42
138 191
43
204 136
68
60 271
45
240 467
23
74 26
80
386 292
81
119 177
9
358 459
90
173 413
21
395 197
37
279 431
4
440 348
45
191 318
54
181 8
74
178 119
5
90 235
22
480 12
99
338 108
94
209 372
38
423 295
62
358 315
9
314 388
49
82 2
40
171 80
31
307 120
72
309 50
85
353 236
46
51 163
64
97 130
4
115 35
16
61 64
14
442 21
28
284 487
93
405 139
43
203 4
76
199 299
5
299 386
22
226 173
10
78 9
51
296 497
81
120 271
54
235 221
14
266 474
38
468 51
82
300 58
66
398 364
76
399 100
81
450 411
24
436 476
40
261 395
23
183 67
94
460 461
60
151 343
78
472 26
39
141 335
37
342 325
44
387 476
12
482 219
72
420 244
89
95 484
26
77 170
75
376 354
29
128 252
55
53 487
25
463 471
93
146 386
62
45 483
73
194 197
47
385 402
5
427 139
47
226 6
34
477 405
52
255 329
1
34 330
73
59 274
79
98 494
1
20 431
97
424 106
5
281 57
89
191 429
69
367 246
37
420 401
33
244 404
74
217 158
91
54 280
59
205 449
85
107 26
65
459 185
59
170 82
23
270 169
43
498 176
70
7 204
12
54 136
27
496 252
93
158 373
55
467 454
99
130 311
99
405 479
66
344 383
55
376 452
89
182 321
67
394 469
31
191 406
24
38 313
28
97 362
61
366 407
87
461 1
40
243 187
69
137 26
46
295 234
17
476 166
47
20 35
54
66 2
22
17 375
16
251 313
5
226 140
93
387 57
43
197 76
10
278 150
51
488 405
57
306 477
19
335 46
59
9 407
28
433 60
5
156 160
8
351 256
63
152 455
23
312 264
30
83 212
89
490 450
44
189 193
11
404 118
47
295 211
78
463 353
54
174 479
93
475 178
21
388 30
74
64 427
9
378 474
77
232 11
3
8 303
62
134 379
91
368 466
17
474 218
58
486 421
14
413 208
63
124 105
28
439 117
85
498 431
66
150 99
86
34 333
18
280 474
43
480 499
65
239 436
62
494 168
82
38 303
94
137 425
36
238 477
19
50 277
11
325 216
52
14 174
13
388 272
83
374 108
22
226 359
59
311 317
99
256 381
55
263 277
31
383 193
29
128 52
20
340 231
88
46 19
49
430 390
21
350 281
31
325 108
29
43 93
29
296 310
70
253 348
39
100 255
91
327 297
3
119 497
8
405 482
14
285 300
43
144 32
6
55 103
67
375 459
84
442 220
45
34 166
49
232 410
95
293 11
52
101 335
60
92 372
59
394 328
2
107 6
64
421 53
73
313 111
93
493 307
60
141 413
83
316 265
61
34 287
34
388 370
66
99 267
21
205 285
61
459 21
74
248 246
61
85 368
85
174 37
26
328 95
8
252 365
41
439 457
8
112 62
82
350 379
83
136 190
79
288 404
64
173 337
95
474 185
28
217 380
17
107 248
12
388 118
22
441 273
93
97 463
79
433 269
32
251 149
61
451 323
88
499 479
97
240 139
90
250 269
87
189 173
42
33 420
24
461 452
98
293 230
68
334 268
36
454 184
51
401 178
46
245 339
23
152 111
67
22 181
29
20 257
27
340 427
4
121 160
37
475 243
37
295 47
40
468 204
52
198 343
35
262 99
19
325 304
52
262 364
28
351 213
94
497 267
14
133 399
88
201 125
49
30 386
92
63 420
92
97 296
8
393 66
2
89 63
71
498 2
42
281 4
97
34 133
1
213 135
19
433 138
94
63 47
47
49 112
31
269 115
65
301 104
84
266 375
59
73 60
41
51 450
37
491 493
95
175 373
52
348 444
23
3 1
16
314 302
3
281 125
52
192 462
59
329 22
30
13 51
67
339 215
76
51 306
27
63 168
13
449 203
92
69 476
46
343 487
85
272 18
11
247 110
46
183 354
97
431 190
38
143 52
70
201 259
83
242 31
72
220 92
19
12 63
40
464 489
25
374 186
65
320 215
98
394 164
26
51 319
100
222 317
1
324 185
91
473 393
37
32 427
62
131 320
13
387 246
4
493 264
36
310 142
49
262 102
17
288 240
92
60 116
72
346 101
5
58 192
80
292 130
14
279 11
8
443 299
27
327 87
100
138 337
28
332 431
66
488 41
6
115 433
85
486 80
32
7 262
14
69 57
39
94 1
29
408 426
85
468 328
100
205 363
54
319 348
39
37 370
30
258 338
59
404 163
78
478 112
49
398 3
61
287 401
86
308 195
37
250 370
29
391 229
47
235 390
45
128 493
73
282 322
4
393 275
71
252 299
33
189 359
19
210 153
48
324 175
100
10 128
43
155 403
97
394 239
33
380 341
18
321 26
32
238 257
32
21 259
1
1 164
87
137 470
68
366 442
69
103 477
25
35 422
98
299 123
33
364 332
9
160 453
14
276 405
36
107 447
22
317 28
52
71 381
35
225 439
10
196 232
92
269 216
43
470 126
14
440 363
44
467 466
48
65 306
58
120 358
64
449 39
12
7 72
46
315 188
45
303 479
49
491 450
1
478 331
92
290 280
62
421 471
42
481 485
67
361 340
25
475 33
4
339 172
47
251 325
20
400 39
78
157 281
72
34 476
31
284 93
97
463 473
27
215 222
53
242 96
70
179 156
82
391 75
7
161 287
42
341 74
20
30 212
36
251 446
89
269 314
61
52 465
41
85 413
46
367 477
52
158 483
89
133 310
26
373 291
34
204 370
51
57 171
63
49 167
64
237 138
52
268 125
47
446 397
35
94 354
26
399 56
88
113 224
70
212 495
69
100 25
63
419 150
6
262 23
22
92 286
62
247 309
71
294 11
36
213 288
75
432 66
12
428 212
36
453 125
74
411 308
59
41 446
93
11 454
56
489 493
34
396 265
17
52 226
77
201 26
96
499 357
21
498 312
93
202 399
8
21 95
81
279 210
34
30 143
64
65 21
70
371 64
69
288 66
63
139 315
90
79 450
99
146 211
84
356 84
10
214 0
88
419 140
17
363 474
61
403 281
11
369 139
29
289 30
42
152 290
63
218 235
47
427 0
34
7 317
60
162 340
48
242 449
92
75 43
49
254 423
89
462 223
78
482 201
31
166 310
69
485 472
94
422 7
48
35 6
73
122 123
22
461 114
87
39 125
21
62 374
34
397 215
89
424 52
55
146 453
11
201 160
45
293 386
87
276 74
66
192 340
92
112 231
91
331 269
47
479 253
52
384 281
97
67 345
46
172 361
95
282 4
92
66 200
15
355 74
90
170 437
49
439 482
11
420 203
25
391 405
68
184 192
6
366 3
68
121 172
87
369 8
57
375 317
61
380 432
37
25 55
57
238 348
41
51 76
72
7 415
60
76 20
94
297 254
55
268 190
85
434 488
52
5 225
70
488 230
3
12 121
1
322 18
50
432 298
76
464 367
88
114 397
76
165 479
62
34 145
85
342 32
33
5 81
6
170 414
20
37 150
42
245 328
26
497 171
32
348 420
62
15 131
62
135 47
35
173 339
49
218 490
67
375 294
33
296 266
21
151 436
13
89 461
45
346 123
96
431 81
77
472 119
51
223 52
76
425 7
60
287 73
18
28 487
96
489 28
57
75 10
10
487 363
8
379 421
79
157 228
43
470 279
62
322 152
58
54 72
33
167 278
21
207 314
86
473 284
88
293 353
29
407 375
92
111 462
2
322 8
71
145 375
96
110 417
97
272 187
36
152 5
99
3 291
14
305 184
92
225 75
74
304 368
90
479 220
32
304 139
18
444 262
34
494 379
50
321 457
23
382 58
51
45 144
84
38 105
13
291 285
11
385 63
86
63 49
29
285 125
75
303 259
93
40 294
84
330 133
84
234 16
11
293 65
35
278 351
17
223 415
16
218 71
63
108 285
46
161 211
42
194 208
95
91 381
65
246 26
69
424 441
95
137 119
41
332 178
29
438 196
19
337 293
12
181 274
32
375 176
9
338 374
84
333 30
66
279 59
48
439 197
31
136 388
31
148 133
7
231 396
23
393 166
65
190 215
98
296 233
71
142 175
31
180 467
14
118 226
9
273 249
94
71 151
34
410 483
3
94 363
73
231 23
25
225 474
32
9 441
20
173 18
88
101 29
19
329 122
18
133 247
91
378 423
90
399 366
14
364 259
89
292 11
35
229 300
69
222 175
89
140 371
19
301 325
96
206 316
10
13 187
28
30 90
75
171 215
56
82 137
31
70 428
39
313 155
28
78 23
81
29 396
45
393 35
61
413 13
47
418 357
88
335 322
98
480 448
15
272 419
62
386 404
15
493 387
75
31 176
87
211 143
43
336 403
12
477 262
37
103 322
53
120 262
50
274 320
15
188 137
3
441 88
29
205 77
45
383 492
67
115 412
29
364 213
23
343 276
15
351 51
77
415 444
87
107 328
16
109 109
15
175 54
74
93 393
54
118 337
29
361 473
84
448 212
39
494 179
10
278 475
72
73 186
97
58 63
14
69 72
49
351 136
31
450 258
23
300 350
90
275 177
92
440 473
30
32 419
94
470 7
22
315 213
89
186 477
85
366 444
15
58 328
40
407 67
82
270 327
78
190 218
85
235 369
2
203 8
27
300 435
54
195 153
26
265 248
96
238 380
97
42 176
24
255 320
18
215 247
80
117 90
43
79 472
2
461 159
47
44 365
1
233 301
68
74 128
43
493 377
30
499 271
34
57 75
32
212 98
67
156 197
64
2 139
47
283 387
51
362 302
28
484 148
94
120 131
82
495 157
88
236 162
30
110 86
39
319 425
73
165 138
2
371 243
60
142 420
41
15 199
69
281 434
44
377 142
82
302 377
81
449 18
82
113 69
19
75 451
93
453 137
22
160 409
97
155 71
67
72 216
35
499 369
35
55 392
63
157 260
8
369 439
69
202 411
23
53 468
87
195 143
90
429 81
27
421 77
63
38 196
60
213 48
38
318 479
79
387 84
96
223 470
97
258 199
69
161 495
25
260 388
20
352 471
91
348 92
73
20 147
49
259 429
49
192 110
80
390 354
81
20 412
97
498 36
15
125 465
33
348 357
4
354 437
58
72 193
4
482 177
67
226 108
41
453 150
26
41 471
69
140 184
26
390 475
45
313 112
97
28 388
40
357 298
99
218 103
26
383 207
78
40 362
45
390 66
69
1 254
81
450 117
79
1 25
70
384 437
96
364 193
15
108 353
96
358 119
1
18 459
74
54 153
87
369 128
82
146 236
40
187 8
46
412 355
9
29 474
63
68 316
23
343 112
25
316 158
91
99 389
23
442 234
40
24 395
34
105 469
39
189 462
5
264 376
31
72 26
12
109 210
4
43 493
61
446 389
83
132 458
46
53 314
49
293 375
18
454 329
73
265 313
72
292 187
55
491 396
34
236 106
85
214 496
43
81 232
77
39 235
16
170 426
48
320 105
7
166 47
61
145 24
46
230 477
10
202 378
39
229 103
73
202 149
81
295 48
97
293 267
100
340 199
73
422 9
11
4 21
2
104 108
8
377 495
44
443 477
25
88 20
27
247 422
13
26 8
24
405 450
53
177 177
60
88 105
14
5 250
92
327 121
60
233 114
41
332 236
87
243 387
57
71 52
85
417 460
4
187 492
15
133 292
25
195 87
59
488 340
37
271 491
98
184 194
62
218 70
18
438 110
51
491 265
39
169 214
86
358 1
50
1 221
99
40 329
80
381 213
62
53 268
78
251 369
38
391 263
55
389 110
53
488 232
50
500
5
131
83
154
85
315
44
419
61
489
63
