300 300
900
192 81
93
280 203
51
277 30
96
177 181
89
12 132
1
278 251
94
18 273
68
284 182
38
58 257
44
180 192
7
163 121
30
85 183
56
296 156
83
136 176
8
199 214
65
285 128
7
56 165
68
8 265
36
109 177
81
114 17
70
115 80
90
265 6
38
87 256
78
232 256
20
79 163
53
244 230
44
161 223
56
40 162
51
91 164
6
160 96
51
238 183
35
123 205
83
249 192
56
223 54
57
141 12
92
82 24
93
165 40
28
291 27
97
134 71
80
273 140
85
40 27
79
50 248
9
60 5
23
119 91
77
134 89
64
45 151
43
258 106
22
124 35
43
38 130
42
72 244
21
295 271
63
129 159
75
124 291
46
103 268
44
295 289
77
180 61
30
218 78
100
7 151
35
213 247
87
156 103
58
127 67
83
218 87
35
251 121
62
64 267
90
34 263
61
64 276
81
169 42
51
170 294
99
226 195
18
151 15
20
220 124
44
77 215
4
86 44
4
130 78
100
59 36
83
278 214
72
177 171
63
230 174
72
123 200
81
129 271
24
147 130
24
62 190
94
298 61
88
196 41
9
63 15
7
96 103
65
265 122
96
238 196
40
82 37
80
123 38
74
297 111
94
165 53
81
83 20
72
292 252
12
131 69
87
155 36
36
283 194
72
185 287
22
27 88
2
242 13
42
271 58
53
150 186
17
273 9
1
243 246
22
283 41
76
119 207
34
173 187
26
223 255
37
204 13
54
280 170
5
147 296
20
200 299
43
16 51
27
192 57
11
218 158
73
254 279
50
279 25
92
151 266
2
184 62
75
126 102
22
199 172
55
277 91
94
292 0
60
26 100
29
146 53
8
228 253
51
189 234
88
68 124
92
144 92
88
122 244
3
257 298
97
292 265
91
170 1
72
124 263
53
280 120
79
145 93
90
36 186
42
260 141
21
206 170
68
291 156
81
255 81
99
77 205
31
38 223
54
238 159
90
121 248
27
41 139
70
151 261
38
123 190
90
287 42
77
58 219
75
53 113
28
290 187
70
145 196
63
51 152
55
216 256
92
169 144
63
227 265
54
19 236
98
211 168
93
230 29
30
90 107
70
250 96
88
98 120
76
19 65
59
188 23
51
207 274
13
127 25
8
178 247
74
65 190
53
158 278
42
299 128
35
143 289
97
37 217
50
200 253
16
280 133
5
182 226
78
183 200
6
169 27
81
294 287
9
224 61
49
194 209
69
53 90
43
61 192
91
236 44
38
163 69
83
34 95
46
230 168
88
162 24
75
0 191
9
260 19
90
285 103
60
161 135
84
160 170
16
95 199
15
39 29
39
64 211
61
167 233
40
19 69
14
207 40
76
101 120
95
297 181
26
202 172
28
256 152
27
105 267
7
160 26
5
9 141
64
197 75
25
45 225
61
69 173
97
167 89
78
234 277
74
47 5
42
27 176
89
288 68
95
213 65
81
217 26
25
182 68
44
178 116
6
16 292
42
90 241
44
67 276
60
25 130
11
14 93
51
80 29
25
85 144
69
19 208
93
200 131
15
247 63
34
154 262
9
237 40
37
137 191
97
184 123
35
39 195
79
5 291
22
52 223
3
97 136
1
113 90
53
195 52
42
267 157
27
102 62
56
7 99
95
88 173
67
185 87
100
55 148
83
149 12
23
237 143
30
253 258
57
231 221
27
214 150
19
119 178
54
6 121
86
76 207
16
138 39
81
38 190
66
121 206
17
244 20
19
14 232
12
50 164
72
4 57
33
7 193
67
224 60
63
170 89
83
199 134
97
32 295
65
264 254
66
233 285
54
111 21
85
110 205
29
281 194
45
82 232
73
132 62
14
86 95
48
109 97
66
127 145
19
97 104
52
123 13
34
278 36
97
150 116
55
24 138
5
135 225
83
204 105
12
278 292
20
67 127
27
127 1
77
116 1
96
21 267
29
5 124
48
0 55
94
163 180
43
147 226
13
66 0
88
119 155
69
155 96
7
202 180
71
188 282
42
89 221
7
51 267
19
12 285
96
121 201
30
257 134
84
116 95
52
201 81
97
158 110
87
284 97
75
24 268
60
36 4
26
224 64
99
43 290
67
70 253
84
85 125
98
283 128
6
226 21
9
286 124
43
4 146
76
92 30
29
121 84
17
198 258
57
282 1
46
111 299
39
259 54
89
237 106
72
107 176
34
197 51
63
127 252
45
131 133
69
292 87
100
266 187
65
243 45
53
285 71
22
151 209
53
221 283
16
99 28
53
18 192
55
4 294
63
45 57
94
298 246
2
217 20
39
134 251
15
271 149
88
163 296
80
83 187
69
54 160
98
248 254
91
132 61
59
295 186
89
240 161
21
235 55
13
94 214
78
280 63
3
161 124
64
181 111
74
54 245
33
1 153
46
296 196
61
201 35
16
174 81
35
19 296
59
127 247
99
246 186
2
286 2
85
32 6
14
37 210
85
149 24
1
88 5
99
44 69
80
92 155
69
97 224
33
215 198
9
242 72
1
227 172
84
10 67
13
118 265
49
255 289
26
68 26
54
48 197
28
127 112
79
194 260
76
177 189
1
77 13
39
111 262
24
189 163
35
66 120
88
175 36
54
278 21
13
103 178
85
198 248
86
135 219
72
56 164
22
58 283
64
83 29
51
198 257
20
57 138
91
200 196
48
36 115
14
165 89
72
122 29
19
251 278
53
75 43
8
112 92
75
143 70
34
49 161
64
190 11
100
44 55
3
43 239
14
207 91
12
79 180
52
261 80
44
211 61
9
109 41
93
244 247
96
136 76
76
109 59
49
194 8
88
273 63
87
249 191
51
243 120
27
7 29
27
63 217
15
269 276
5
23 144
15
294 122
92
225 99
15
34 141
54
181 74
55
105 192
12
198 243
61
110 32
57
193 48
34
18 294
34
278 281
23
280 71
76
72 5
81
285 149
53
157 229
96
141 123
74
69 116
70
206 103
77
112 96
2
201 272
62
133 128
59
241 79
10
167 50
80
253 53
43
30 124
48
118 17
81
45 271
87
64 46
82
28 200
18
246 23
30
96 264
15
28 209
19
40 174
3
139 296
16
282 125
83
131 203
4
264 238
29
31 125
87
106 128
94
76 276
68
110 0
34
95 146
86
167 171
69
64 158
46
36 87
29
289 267
35
9 79
6
18 298
98
6 55
84
271 237
23
29 57
60
94 275
67
60 44
82
285 153
34
113 145
40
263 251
1
143 298
56
89 187
39
160 238
57
105 61
98
61 125
50
141 145
40
181 181
95
49 160
74
78 205
40
14 13
58
140 0
86
198 121
54
298 208
54
128 35
5
74 64
97
68 2
38
186 125
46
273 282
51
87 290
72
285 256
29
88 264
63
211 78
81
166 165
31
231 56
31
151 36
27
214 223
40
161 68
17
66 96
82
205 102
67
299 29
85
147 142
94
105 173
14
35 99
66
226 54
70
256 67
7
15 279
15
73 211
43
208 27
47
251 236
26
156 227
6
193 29
94
299 56
93
132 126
41
15 126
14
74 212
95
18 122
26
60 277
6
228 279
99
274 246
63
34 5
25
296 252
61
138 242
44
126 240
46
225 210
35
182 10
90
2 52
15
22 259
84
73 103
17
60 142
41
106 109
48
226 211
11
4 98
88
46 262
91
196 30
96
167 143
7
18 14
79
264 57
90
188 175
2
205 106
78
266 265
37
70 61
46
215 290
67
15 274
68
291 29
80
53 148
9
99 115
59
81 228
87
238 41
98
247 108
77
40 56
60
84 230
91
255 219
73
181 144
72
147 2
8
30 91
21
107 213
52
267 211
19
41 286
88
180 54
51
268 148
25
263 79
77
107 240
31
118 240
16
25 287
19
254 21
97
123 166
46
52 124
73
3 30
46
121 242
10
297 248
37
221 91
70
172 49
61
57 248
2
104 198
12
180 166
88
279 297
22
93 179
90
260 27
33
122 224
23
166 258
40
29 42
95
260 283
97
198 70
47
246 156
98
52 263
12
188 44
69
258 130
41
124 279
21
276 166
3
134 171
16
243 239
62
127 46
56
296 242
14
248 165
24
168 56
48
261 284
31
109 16
81
19 113
62
248 174
12
48 149
68
256 187
78
80 190
69
183 212
79
203 279
78
22 267
91
120 272
88
169 57
29
206 195
13
212 275
8
86 297
71
264 56
2
200 139
82
53 129
54
173 45
71
148 110
6
116 176
52
234 150
73
163 117
47
113 98
87
238 31
89
204 118
11
41 20
87
73 52
90
230 283
95
245 155
1
25 259
27
114 71
50
262 95
59
12 51
3
237 169
81
195 163
55
138 56
67
252 41
92
55 12
30
23 78
2
256 191
46
92 187
14
96 59
40
235 217
56
188 142
33
213 86
96
152 228
49
81 195
100
63 7
51
250 251
99
279 287
38
231 112
34
73 200
18
91 236
30
5 56
56
138 168
94
102 245
48
235 91
88
41 235
45
221 202
48
145 54
100
281 76
96
39 45
48
244 185
100
139 230
61
99 194
33
270 94
58
293 297
76
180 277
28
275 20
22
53 245
33
130 29
99
263 64
27
64 245
68
175 180
49
265 244
28
108 288
61
86 22
8
106 89
65
49 220
83
245 6
44
156 175
18
288 102
3
47 277
94
148 91
80
125 215
93
263 176
13
214 45
47
293 198
48
89 121
73
230 246
65
18 88
84
27 66
15
43 181
2
213 211
48
190 209
30
158 95
85
243 44
21
76 205
24
240 57
100
221 44
31
118 31
95
49 197
1
243 71
94
81 149
1
207 136
42
196 225
32
136 94
52
170 96
78
265 77
62
70 256
58
162 241
68
244 292
70
47 25
72
49 53
15
80 31
73
293 175
63
245 275
46
0 197
81
17 268
27
31 175
96
77 53
76
6 240
59
237 280
7
84 187
85
150 123
56
75 218
29
132 96
93
238 254
33
236 144
88
159 217
100
210 253
93
187 297
12
290 282
39
238 101
92
248 145
47
60 85
87
6 114
81
4 41
68
32 261
60
170 73
86
181 231
88
242 98
30
261 111
23
290 147
89
136 98
39
259 187
15
42 189
89
125 214
59
291 237
99
289 29
33
232 160
79
206 260
61
277 73
56
43 144
89
79 76
79
136 201
80
299 97
24
55 136
19
253 228
22
114 33
65
36 141
35
44 243
54
106 38
22
38 169
74
210 275
5
158 85
87
84 56
78
238 123
11
172 239
86
96 39
18
16 28
38
46 29
94
187 166
15
205 62
54
34 82
79
245 256
90
247 46
64
102 207
12
80 268
57
143 217
59
86 110
13
36 91
31
197 197
47
179 9
13
299 74
1
104 253
13
252 151
32
280 70
22
189 211
59
145 34
100
74 1
63
31 268
20
93 252
73
288 208
54
294 13
49
49 173
75
128 57
61
271 124
80
236 17
62
113 203
19
10 92
64
118 43
33
119 17
94
272 196
58
15 27
28
2 106
19
103 158
10
52 192
62
221 168
76
90 75
14
224 164
51
27 46
65
73 13
40
96 164
21
25 211
23
137 263
54
127 240
56
94 292
50
164 289
22
129 179
83
96 2
100
81 111
62
21 106
3
107 20
31
4 273
61
59 209
66
15 184
97
240 293
69
108 83
81
132 193
10
163 19
53
139 61
29
43 255
75
291 186
18
73 125
12
157 124
2
140 291
30
208 206
44
150 85
66
9 235
100
224 132
26
31 155
74
189 174
63
248 260
8
43 129
26
17 77
18
62 228
73
133 279
89
270 266
6
216 57
74
213 159
2
239 22
20
134 113
44
42 277
42
245 111
78
49 145
87
94 58
30
54 260
47
169 210
55
196 173
96
198 115
38
145 109
24
51 254
4
267 233
70
128 47
30
236 236
10
145 127
66
67 226
19
192 77
26
115 211
29
269 40
7
276 85
100
193 50
88
39 239
6
266 129
64
154 86
81
242 208
72
75 31
89
97 180
46
81 83
34
284 281
62
78 185
95
274 258
65
69 127
26
163 171
21
72 272
25
117 33
97
99 235
70
53 39
85
283 65
23
298 215
30
259 144
38
163 256
79
168 96
53
78 41
72
228 147
98
132 21
11
228 156
44
17 229
32
300
3
268
94
275
47
285
2
