300 300
9000
294 101
71
165 216
69
132 39
37
71 29
93
16 93
61
76 107
22
81 222
21
48 45
8
42 267
99
212 153
33
157 217
12
215 158
97
30 112
100
296 268
59
62 101
88
7 165
35
122 115
99
157 109
34
148 289
10
60 176
25
187 217
99
132 281
99
30 233
19
71 42
45
62 222
93
268 61
72
139 176
72
240 228
80
92 101
61
185 292
88
4 217
82
152 115
96
207 51
69
157 230
18
242 45
41
187 109
65
66 48
30
233 225
89
217 217
75
291 166
33
98 0
69
222 295
21
254 284
50
193 8
50
196 50
94
297 102
29
11 233
13
219 182
14
291 287
9
98 121
14
230 48
58
133 115
3
205 220
79
279 169
68
191 56
65
25 289
94
217 230
27
203 295
78
189 131
7
161 69
98
288 110
81
18 249
85
188 172
89
147 134
68
257 6
43
73 185
42
3 126
83
108 179
48
149 180
93
168 193
45
283 180
39
154 295
87
66 182
48
281 70
31
126 196
63
156 75
68
216 126
65
188 293
21
17 182
99
91 131
41
232 70
17
94 136
38
61 188
49
295 126
95
223 21
44
107 75
86
184 295
16
123 19
84
235 260
21
293 201
35
260 24
50
144 78
6
204 129
14
42 67
41
61 80
65
33 18
1
93 32
59
220 73
60
147 268
10
141 194
80
45 257
34
153 19
11
172 32
85
158 134
43
72 94
25
116 137
51
245 22
96
295 139
72
47 266
30
121 252
25
0 191
67
234 129
23
253 142
49
239 207
41
123 32
69
68 96
38
21 250
90
155 250
67
114 212
9
227 89
93
213 191
35
89 155
58
47 158
12
248 148
19
51 277
70
159 76
60
51 48
61
49 204
11
81 156
100
254 84
23
199 148
98
111 35
50
56 99
24
171 86
76
83 202
90
102 215
41
129 89
72
5 282
16
27 41
93
21 263
74
269 99
36
122 49
90
53 215
60
139 218
55
185 105
26
4 30
83
23 43
87
138 30
81
229 148
80
143 108
31
261 100
21
192 266
2
90 218
4
296 94
99
122 170
60
263 146
27
125 212
30
97 113
98
243 167
31
102 228
82
96 154
35
113 94
75
187 43
75
104 274
70
252 172
9
16 161
99
217 151
100
291 100
71
120 218
36
20 280
88
273 231
33
92 156
51
240 54
22
4 43
55
231 234
72
196 213
31
270 162
88
96 46
72
27 175
52
242 100
77
173 229
16
16 282
57
38 41
33
291 221
42
184 95
69
217 43
78
48 234
76
208 223
93
249 224
92
243 180
11
17 103
67
289 296
4
270 54
41
256 119
85
85 8
86
263 280
68
29 113
84
194 180
74
235 181
24
106 296
96
1 14
48
152 183
15
205 275
35
210 124
70
209 165
68
80 14
85
195 1
75
85 129
61
79 55
39
175 288
91
216 60
90
73 240
85
147 189
91
59 113
81
274 1
67
119 127
88
205 167
39
251 283
62
292 55
16
209 57
98
66 237
4
198 127
66
101 194
16
293 135
87
251 175
43
295 181
15
262 4
47
112 245
75
186 194
98
10 197
3
271 238
78
1 148
36
288 178
25
54 11
43
191 245
86
158 68
80
168 261
21
283 248
12
135 84
98
33 73
61
225 243
30
137 130
58
285 28
80
49 17
10
1 269
45
7 20
91
227 23
83
130 127
47
281 259
70
47 92
39
148 144
69
93 208
36
239 33
11
109 189
76
296 15
19
86 205
36
53 28
46
139 31
53
58 143
70
116 84
43
157 85
45
231 34
89
47 213
41
74 87
53
46 25
70
13 77
55
51 103
93
90 31
38
40 210
12
153 87
95
158 202
57
37 141
32
281 272
56
41 31
14
5 108
9
206 98
45
192 200
14
178 265
39
159 23
13
90 152
92
134 195
44
241 92
66
282 93
43
180 82
15
254 31
84
226 198
49
171 262
26
23 98
46
138 85
10
83 149
94
264 224
74
157 98
21
55 50
49
0 151
93
129 36
65
247 257
62
151 283
11
44 157
31
285 283
58
90 44
9
153 100
2
125 267
40
166 39
8
129 157
42
289 109
93
41 44
43
217 206
69
263 93
61
120 44
29
185 173
51
4 98
74
56 288
27
279 37
81
243 114
97
297 91
32
71 273
6
90 286
66
164 235
72
76 122
22
188 40
66
207 53
36
23 232
63
64 4
33
105 42
17
36 171
4
96 222
63
127 289
17
113 162
38
154 163
39
145 114
30
16 229
69
98 2
56
120 286
69
235 236
79
78 289
60
18 9
94
298 63
11
270 230
26
177 2
38
108 168
41
94 4
60
25 170
40
85 184
25
29 289
56
189 241
5
276 166
41
205 222
7
193 131
11
119 182
88
265 236
63
31 69
73
108 289
98
149 61
22
228 125
9
140 241
38
99 240
73
43 79
6
244 69
10
175 235
75
216 7
93
257 8
48
18 251
85
207 187
30
77 77
29
223 131
79
154 297
52
181 134
22
43 200
30
137 64
97
202 193
23
155 118
99
193 144
18
70 10
91
278 188
38
264 24
88
176 177
94
195 190
68
140 254
52
267 295
95
47 26
98
299 18
70
290 198
74
155 10
5
12 190
61
259 67
95
278 80
98
176 69
92
275 11
46
220 75
30
239 88
50
10 265
23
192 13
79
82 141
28
123 142
17
183 193
67
86 260
70
70 252
37
3 262
50
9 13
96
47 268
70
262 193
78
280 247
73
146 18
13
299 260
55
206 32
86
151 96
49
32 145
97
63 249
63
285 96
98
156 211
75
250 75
75
40 265
11
62 24
5
226 132
18
275 24
90
46 201
50
65 214
98
151 217
95
280 139
61
285 217
8
35 271
24
282 148
34
227 212
67
139 99
100
218 163
81
262 206
65
270 30
18
60 220
26
146 260
5
104 263
58
233 148
20
51 171
15
282 269
74
134 142
67
282 40
50
221 30
51
37 209
28
111 158
92
56 222
41
4 32
44
143 110
8
248 163
15
201 88
94
113 204
11
192 268
96
30 169
71
145 156
25
250 209
50
16 42
13
57 43
78
217 32
88
48 223
23
134 34
10
15 46
66
20 161
25
125 214
43
298 105
91
36 105
77
99 161
47
145 48
78
217 153
82
62 279
70
263 40
25
230 92
54
120 220
73
20 282
70
160 292
93
242 102
13
154 218
89
187 166
54
140 54
75
145 169
97
76 298
26
236 287
5
203 110
73
222 123
44
161 113
97
276 100
21
166 228
5
152 64
26
143 244
51
210 5
44
36 118
4
96 169
30
251 43
31
8 56
62
168 8
10
228 59
76
140 175
49
52 62
48
286 0
1
184 218
14
117 228
41
76 190
1
263 282
14
29 115
92
87 285
46
20 295
26
288 46
95
59 223
8
4 287
36
110 188
82
163 51
51
297 280
75
140 67
77
52 183
76
85 131
42
217 287
62
79 57
22
98 70
12
258 59
32
299 60
40
1 137
52
161 126
100
73 242
29
293 245
49
100 116
80
265 183
74
163 172
58
8 298
22
297 172
72
283 237
22
286 242
94
244 16
26
15 193
70
161 247
4
202 248
77
114 135
2
100 8
17
58 240
53
168 142
28
121 67
35
33 183
86
267 121
1
198 250
9
79 70
48
24 134
55
239 22
25
211 189
89
156 253
84
293 258
31
155 65
65
141 130
85
144 135
60
3 196
34
47 202
71
179 129
97
65 27
4
285 259
32
51 92
74
1 271
24
274 137
83
185 28
18
89 91
47
42 245
32
295 196
58
262 19
54
253 199
24
146 73
22
255 245
44
53 30
10
125 135
20
157 87
40
28 202
94
60 154
12
5 218
21
165 207
89
13 79
74
247 17
32
104 197
73
233 82
65
123 210
24
238 197
32
183 261
42
257 210
87
35 97
98
21 199
52
208 25
60
180 192
82
125 27
76
190 156
34
262 261
55
69 95
13
143 44
2
14 159
64
248 97
31
132 151
25
255 258
43
136 41
15
153 210
66
227 159
64
34 30
38
166 149
20
138 87
98
28 215
60
187 208
18
25 146
55
151 285
79
252 108
59
34 151
77
249 39
97
240 219
3
69 108
20
270 98
83
96 211
81
160 226
1
132 164
77
145 103
27
2 283
4
76 232
90
184 31
22
203 44
68
249 160
35
254 275
50
185 175
96
138 100
61
270 219
18
8 219
75
297 93
33
132 285
79
228 222
43
173 57
36
164 237
83
222 178
87
120 167
27
23 234
8
205 211
14
64 235
53
193 120
31
224 224
97
182 227
97
108 49
75
99 229
36
85 294
27
85 65
36
126 66
26
291 170
66
184 44
25
115 173
36
249 173
13
288 101
84
224 116
31
36 65
58
223 120
8
27 245
66
154 286
31
135 7
29
140 122
47
30 250
60
115 294
34
115 65
36
161 181
4
4 234
27
124 299
8
36 186
28
297 227
5
209 114
42
167 117
68
253 120
52
285 72
45
276 289
64
101 22
91
59 291
80
207 189
54
100 63
36
260 15
94
246 117
73
17 294
47
218 18
45
283 184
54
61 71
25
33 9
25
230 294
92
51 26
2
192 2
75
183 182
52
288 235
70
128 17
90
89 25
58
245 13
53
190 77
70
253 133
58
211 136
75
104 10
80
49 74
42
216 251
42
68 87
19
54 189
87
95 190
64
169 139
100
260 257
33
31 205
85
149 197
30
116 249
39
162 136
75
275 13
26
151 206
68
285 206
86
183 195
32
40 146
48
141 198
98
72 98
60
254 75
27
56 90
19
264 268
65
42 192
81
157 142
51
176 192
70
248 31
67
19 208
87
60 209
15
179 197
26
148 93
92
5 44
49
151 98
98
266 85
45
178 201
53
169 152
57
72 219
78
158 259
3
116 262
58
102 98
76
129 201
20
201 77
6
99 29
35
269 211
27
81 160
91
39 163
100
273 101
73
92 26
38
240 153
50
83 206
24
243 158
26
69 42
83
215 96
33
123 278
70
145 37
61
241 270
93
153 157
6
20 42
73
243 50
63
182 40
25
261 104
64
99 42
87
35 286
42
217 34
58
277 48
37
263 150
96
48 225
45
208 214
97
15 48
32
175 37
47
92 268
27
111 281
91
59 91
24
212 104
44
91 43
87
270 45
46
233 163
6
240 287
37
221 45
50
23 289
44
105 99
3
168 118
94
11 171
71
85 120
100
71 222
18
24 110
98
84 161
39
29 225
80
203 112
15
258 48
36
156 0
26
87 166
43
6 241
75
207 231
1
59 104
64
105 220
99
284 222
91
242 225
67
209 48
82
121 164
76
103 295
86
115 120
12
15 182
47
142 223
83
161 236
89
221 287
76
288 48
87
224 292
39
119 10
87
196 230
48
58 0
43
256 244
32
22 77
35
8 179
39
204 54
65
149 118
8
228 182
13
80 18
98
281 8
75
131 249
35
258 290
71
98 72
39
147 193
59
293 18
38
193 80
45
204 175
10
66 241
38
126 255
67
65 16
75
137 121
51
271 121
64
288 290
3
54 123
24
128 72
98
155 175
54
293 139
40
12 126
6
237 244
93
70 67
76
130 118
13
176 5
94
214 260
75
107 134
50
211 191
67
123 78
11
238 65
94
197 27
17
147 206
6
255 5
13
296 6
75
12 247
38
287 186
12
259 124
95
88 242
85
47 204
27
162 191
62
179 131
70
46 245
6
285 261
35
250 11
28
241 191
55
153 78
86
172 91
56
72 153
31
273 143
5
234 188
71
165 88
92
261 25
6
137 255
50
178 27
77
109 193
52
153 199
66
213 250
90
89 214
40
83 140
76
102 153
26
231 38
5
129 256
52
148 269
100
129 27
78
159 135
76
178 148
20
208 27
21
268 41
46
218 220
83
92 81
86
111 94
87
185 43
31
157 210
35
69 97
27
192 204
99
30 105
20
145 92
72
250 145
71
164 105
64
2 43
30
172 225
22
120 35
93
72 287
55
180 86
27
125 150
23
221 87
86
39 110
35
245 215
38
14 282
56
96 92
31
127 159
49
27 221
52
160 107
90
219 162
65
272 25
34
291 38
51
277 103
56
222 167
1
81 228
50
230 28
64
249 41
8
39 231
72
221 208
61
133 95
52
78 159
51
23 223
84
4 210
44
284 264
24
124 46
34
251 87
34
270 100
66
127 51
30
99 218
29
25 40
55
200 41
87
57 221
77
263 97
77
161 49
45
221 100
16
92 215
25
207 165
47
105 154
69
50 218
13
298 54
98
36 54
68
127 172
40
242 159
54
261 172
4
173 288
25
30 239
7
184 154
63
84 216
16
216 106
70
20 231
58
106 234
74
78 172
72
23 236
80
119 173
8
105 275
22
193 122
6
64 8
35
191 49
23
110 124
52
149 52
100
261 293
29
94 116
67
66 54
93
140 3
85
85 67
23
181 4
57
131 183
30
203 288
58
24 57
41
29 172
85
194 239
85
101 11
15
1 73
9
279 283
40
298 296
23
36 296
34
17 54
20
297 108
93
135 9
65
195 60
65
267 165
47
112 291
62
38 113
62
84 229
2
1 194
49
288 224
68
276 170
31
188 57
36
274 60
73
155 109
97
119 186
76
105 288
28
177 127
73
130 52
16
89 14
89
223 14
36
264 15
51
33 119
67
198 186
47
82 240
1
116 9
20
176 60
43
80 86
59
47 138
57
267 178
29
52 253
98
253 14
11
260 138
92
265 253
45
177 140
48
130 294
60
61 194
91
264 28
18
93 146
69
280 238
78
5 33
62
165 22
18
63 240
93
269 79
55
21 14
90
241 17
9
141 79
52
171 187
17
74 25
46
294 28
76
211 259
28
192 17
10
51 41
38
123 146
30
197 95
86
128 261
54
134 12
73
144 205
98
278 205
39
111 28
2
42 194
84
56 92
13
14 95
71
148 95
22
275 136
81
220 200
54
280 251
13
187 23
99
151 100
52
51 162
67
49 89
66
241 259
34
134 133
93
227 95
27
213 197
15
72 221
93
199 33
100
226 136
26
83 87
39
69 152
24
129 203
13
93 280
53
160 41
21
60 103
59
164 160
34
166 206
76
92 28
50
212 93
95
298 96
16
102 221
61
27 47
28
132 100
96
62 270
78
29 93
68
282 273
71
139 224
87
180 262
82
124 101
4
196 206
98
275 270
5
187 157
68
140 45
82
44 108
18
71 211
75
219 109
86
35 288
40
57 47
45
208 216
39
175 39
19
92 270
44
133 42
6
36 109
81
251 34
6
196 98
1
154 101
51
118 178
51
219 230
71
117 219
35
103 55
12
194 173
77
59 214
95
91 166
38
127 119
45
214 236
48
30 186
5
103 176
55
161 117
98
276 104
29
147 182
54
293 7
2
210 238
66
251 276
14
17 109
42
94 63
21
195 115
38
200 230
33
167 53
7
133 176
58
119 241
12
224 294
11
17 230
55
110 192
98
61 7
6
195 236
94
66 122
74
33 174
21
19 10
92
115 243
50
271 231
47
216 295
18
156 15
89
54 233
17
274 7
62
174 69
35
72 21
64
177 74
9
292 61
75
130 228
97
218 75
31
176 115
86
121 179
35
135 77
18
126 257
45
33 66
50
253 69
94
1 262
61
68 23
74
40 190
80
80 262
64
46 126
7
165 77
53
54 246
92
202 144
99
81 83
66
89 203
33
149 254
99
190 255
91
245 191
22
102 142
68
47 206
31
93 93
46
79 195
6
46 247
54
239 147
89
266 21
10
252 86
58
90 24
66
150 75
48
95 139
57
141 255
93
134 67
70
208 16
47
158 195
4
232 144
52
185 32
52
171 134
27
231 148
49
9 72
85
206 91
61
285 155
36
197 271
1
95 260
30
67 198
47
26 160
37
172 214
39
72 276
75
254 24
87
111 204
36
144 152
84
185 153
8
157 91
35
231 40
88
248 209
79
196 19
55
60 158
41
146 198
57
13 83
23
151 276
71
252 99
41
76 102
19
7 268
24
48 40
11
34 142
40
53 155
97
180 196
91
37 147
76
111 96
63
97 161
54
102 276
74
262 265
90
74 214
25
261 269
84
44 42
87
76 223
33
282 99
28
92 204
57
37 268
6
39 112
74
226 204
30
97 282
13
215 45
3
159 150
88
30 228
65
71 266
100
15 105
3
230 30
18
268 56
45
240 223
42
138 212
23
284 266
87
36 164
61
289 115
2
60 292
61
127 282
85
25 42
76
272 148
77
57 223
1
203 48
69
230 151
16
235 0
83
18 2
75
212 282
90
215 287
94
242 161
77
286 167
28
98 116
4
103 231
6
101 121
58
1 183
94
54 46
24
166 287
60
73 59
38
147 8
40
293 62
40
110 126
14
99 233
1
66 285
87
195 170
44
286 288
31
184 277
38
43 72
75
230 164
63
87 115
78
40 3
24
174 3
93
246 108
100
58 57
71
77 70
8
204 111
66
267 167
94
186 242
28
52 13
67
272 282
18
10 245
33
189 247
12
170 5
81
211 6
13
257 122
72
147 250
18
155 111
49
45 239
32
119 188
23
64 252
14
265 242
28
287 1
18
89 16
26
176 170
7
295 121
33
121 234
31
28 6
60
82 242
79
285 76
86
101 255
36
49 65
52
100 296
65
40 16
80
155 3
77
260 19
94
31 196
79
218 22
56
88 178
46
234 3
43
65 194
31
299 132
49
82 134
51
114 86
2
213 65
50
232 78
53
61 196
60
281 199
71
229 9
91
88 70
99
234 124
13
151 89
31
137 191
25
257 256
70
227 84
81
218 35
77
171 189
7
135 266
12
266 197
23
35 35
25
69 33
64
248 35
30
51 164
97
90 92
3
95 207
64
34 197
27
39 275
40
171 202
48
143 103
1
248 156
31
275 259
78
41 92
19
151 223
8
25 84
89
159 84
7
16 264
15
236 38
23
62 151
84
222 103
11
134 256
83
34 89
82
139 105
11
226 259
29
83 210
82
157 159
68
248 277
83
55 111
88
289 49
10
160 164
45
242 203
95
27 49
44
11 41
92
16 156
90
139 226
55
4 38
82
231 229
64
124 103
84
55 232
68
182 44
78
66 98
50
200 98
31
16 277
64
76 291
59
103 165
24
222 116
73
208 218
35
235 55
30
152 57
67
99 167
48
200 219
43
126 4
53
272 95
28
217 159
51
43 235
86
203 224
88
122 299
69
87 278
39
279 219
57
246 42
89
191 106
83
163 44
22
108 108
87
168 122
36
209 160
12
99 288
25
181 61
23
286 114
8
198 1
16
203 116
12
299 53
35
175 283
84
194 296
91
205 162
24
279 111
62
31 9
93
77 125
32
297 165
19
168 243
45
214 130
74
286 235
88
24 6
5
65 7
15
170 60
70
101 189
34
276 227
1
147 76
100
274 117
92
45 294
79
119 243
19
67 53
89
12 117
29
86 66
51
141 2
67
130 109
50
121 289
40
214 251
78
179 230
89
126 138
7
258 294
24
244 130
62
290 246
26
100 122
17
31 251
14
72 23
3
130 230
86
42 117
13
262 120
53
80 143
18
234 58
3
93 82
54
225 238
88
65 20
1
109 292
35
183 241
90
40 192
51
141 15
15
63 68
31
274 251
72
67 187
75
227 139
37
260 87
2
232 254
76
245 193
42
56 28
8
42 130
25
47 208
44
88 246
80
281 146
79
262 133
39
239 149
31
266 252
49
63 189
89
40 205
69
48 29
13
72 157
99
185 34
6
42 251
96
0 254
65
234 192
93
160 206
87
19 267
83
201 15
93
5 103
32
132 144
11
32 206
42
192 195
81
49 146
45
169 211
11
114 275
21
208 139
93
273 268
5
138 80
22
298 32
52
229 198
77
160 98
14
173 37
19
90 39
55
131 40
20
48 42
44
194 96
20
20 209
53
125 262
24
199 211
63
78 150
44
102 278
63
229 90
22
289 104
100
60 281
43
113 144
50
131 161
48
184 24
67
117 34
17
20 101
41
59 29
27
124 158
98
17 32
14
173 279
74
138 214
46
212 163
89
284 268
28
191 40
83
210 53
62
215 168
10
127 55
19
85 287
21
71 160
35
167 97
70
272 150
67
217 214
4
131 174
87
30 122
42
286 48
100
115 166
99
120 281
11
279 274
98
205 96
14
17 45
9
256 290
56
237 48
38
242 163
10
154 279
29
112 282
74
258 107
33
84 220
27
189 236
52
1 185
29
73 61
19
18 125
20
298 179
88
251 104
11
22 244
14
127 297
46
107 59
82
167 110
60
165 0
70
101 244
56
193 247
43
223 126
23
61 64
59
135 13
97
267 169
56
33 2
88
272 284
58
179 56
53
299 121
28
244 185
48
189 249
100
54 290
98
87 238
67
128 10
97
274 64
83
158 118
33
287 3
68
108 297
74
223 247
36
28 8
5
47 21
30
162 8
1
146 0
78
192 116
40
10 139
51
202 80
57
174 247
19
193 260
33
287 124
96
248 132
50
281 80
61
179 298
15
160 19
26
220 70
60
165 134
10
280 121
70
238 124
27
183 188
85
81 140
76
296 65
83
260 142
53
172 258
22
246 244
88
111 19
16
248 24
70
179 190
83
79 252
94
82 257
17
257 258
14
123 29
94
282 22
94
111 140
80
9 129
42
284 68
2
88 193
8
0 80
17
294 261
30
146 134
82
187 135
84
118 35
81
49 201
96
134 16
16
34 78
50
125 196
41
111 261
11
92 19
55
259 196
47
245 261
33
23 148
91
226 248
78
83 199
86
28 263
5
14 99
34
215 89
81
294 153
88
187 27
55
132 91
81
32 153
81
282 264
70
153 150
81
194 151
55
180 253
86
39 277
39
53 212
8
254 202
62
6 100
28
180 24
83
227 99
74
224 30
75
270 146
50
182 33
99
127 97
78
41 94
98
187 148
3
236 269
93
2 102
25
76 51
27
277 41
88
106 159
79
91 36
41
248 279
86
27 280
37
154 92
6
272 84
56
2 223
60
117 210
5
189 49
19
180 266
35
39 290
63
221 38
41
166 102
93
45 41
95
270 159
49
209 149
15
85 113
12
200 100
92
258 41
57
189 170
69
222 118
69
194 285
39
142 95
80
216 44
98
161 108
26
152 288
96
4 161
73
174 47
97
205 151
41
50 277
62
298 113
75
210 229
77
163 154
38
22 178
13
94 54
66
295 44
7
228 54
99
258 162
61
249 113
79
288 41
1
147 65
84
205 272
53
224 285
51
265 57
64
36 234
34
55 247
8
297 275
15
22 70
65
154 226
33
228 175
64
140 291
68
80 11
66
198 232
87
24 116
1
184 105
17
119 124
73
64 188
56
191 229
37
17 113
55
292 52
35
209 283
38
61 119
72
286 237
8
126 19
95
84 288
88
170 291
17
43 250
18
271 114
51
128 294
82
109 52
34
269 4
46
169 66
71
188 116
83
114 130
81
141 4
18
265 299
39
17 234
11
91 183
94
177 186
30
163 288
48
70 60
9
75 175
6
94 188
71
107 127
88
299 68
22
95 9
26
274 240
3
141 125
96
260 76
85
31 253
1
232 14
26
75 296
4
56 17
74
262 122
18
33 299
48
88 6
76
129 7
28
19 135
70
24 250
49
280 176
54
225 240
3
65 22
73
285 254
11
156 140
17
241 184
18
260 197
77
213 122
54
177 199
5
185 23
37
102 25
6
162 76
62
255 240
74
254 15
27
218 92
42
171 246
28
83 133
28
231 31
60
0 135
92
160 87
70
247 12
21
269 259
25
291 18
30
236 82
55
62 195
96
7 259
92
153 84
33
213 135
63
125 251
54
42 253
64
9 76
47
0 256
4
113 133
75
71 136
83
263 77
5
34 254
35
282 90
39
111 208
77
41 149
42
160 100
14
146 202
50
118 103
41
104 205
61
49 269
55
16 92
90
90 41
45
236 95
64
7 272
100
282 211
96
134 84
7
249 34
42
37 151
24
152 101
20
212 152
28
231 165
44
50 90
61
105 26
91
69 103
25
210 42
57
196 144
25
143 281
27
160 221
54
219 276
20
286 37
38
16 213
90
249 155
40
139 283
19
120 41
73
78 273
2
240 106
99
298 276
52
55 289
10
22 112
77
154 39
14
145 219
93
258 96
53
120 162
10
161 163
100
276 150
61
221 214
29
18 114
3
64 230
11
243 232
94
105 39
63
297 209
80
94 109
6
286 50
60
131 176
25
258 217
10
203 281
97
43 292
3
230 155
52
15 230
76
189 117
12
1 66
39
18 235
20
188 158
43
59 273
64
279 276
18
119 58
70
246 99
82
36 289
58
17 47
57
163 101
62
209 217
15
214 295
83
93 5
72
179 45
50
170 225
23
299 110
42
189 238
87
10 7
58
156 61
42
216 112
97
12 53
21
86 2
92
31 66
16
130 45
38
127 299
4
33 112
4
286 292
30
38 227
73
299 2
93
216 233
30
290 182
93
288 109
86
188 171
86
232 177
4
58 61
6
237 292
41
177 12
7
94 243
73
126 195
12
33 4
24
253 7
36
24 184
2
225 174
67
137 61
56
51 21
62
101 138
29
150 0
20
259 172
65
264 21
94
88 61
61
234 115
51
19 190
39
198 192
45
299 244
16
206 16
67
104 5
61
257 18
96
95 185
12
62 8
29
12 187
15
172 139
4
72 201
16
292 241
34
199 13
56
89 141
28
75 243
80
116 244
8
190 193
67
253 249
65
192 10
36
197 88
27
67 244
74
172 260
64
116 136
78
14 88
79
74 139
39
146 244
51
275 129
83
46 77
13
299 257
83
151 93
60
145 19
21
250 72
5
269 85
41
169 147
37
40 262
84
122 35
6
227 88
80
213 190
39
20 24
34
37 193
78
185 91
8
231 207
51
143 94
26
93 273
8
201 72
19
192 252
66
90 204
64
76 40
60
26 219
9
134 18
19
287 260
61
120 83
5
39 158
60
37 85
98
152 35
60
264 276
13
9 252
7
284 191
88
99 145
67
233 145
40
71 83
7
103 35
30
263 24
52
153 152
80
180 255
55
139 217
76
6 102
8
240 40
10
185 104
8
226 142
18
243 45
82
289 161
30
242 86
64
173 215
2
206 163
100
85 102
3
30 166
76
219 102
38
236 271
16
76 53
58
175 32
30
20 158
71
4 150
11
97 112
64
124 215
26
229 268
14
289 282
8
55 115
80
41 217
22
127 220
83
27 282
47
94 43
78
209 30
19
44 222
2
118 171
51
235 167
32
87 40
73
1 0
45
106 282
1
288 30
53
224 274
67
298 223
22
50 158
51
265 46
35
108 99
59
112 218
31
244 108
55
249 223
94
235 288
98
1 121
4
191 218
18
91 51
33
8 282
5
242 220
79
94 56
39
209 43
74
295 46
25
38 161
43
198 113
87
258 164
81
84 277
75
203 228
49
64 298
63
265 288
77
31 121
89
163 277
41
256 239
34
94 177
35
154 228
75
140 293
76
33 167
97
131 244
43
239 6
16
230 223
77
175 287
68
290 237
50
183 111
20
188 226
58
133 290
6
119 126
45
265 180
13
72 14
5
149 234
35
228 298
70
295 59
86
281 124
20
43 252
72
65 11
51
211 65
89
49 3
11
290 129
20
68 16
23
293 134
14
67 57
67
116 178
73
42 0
26
121 293
15
80 255
79
47 78
14
148 130
7
253 183
93
60 17
63
220 6
84
165 70
68
63 59
94
271 237
100
137 8
39
238 60
98
114 253
45
274 242
33
40 75
85
114 24
80
155 62
12
34 1
26
165 191
18
247 1
63
137 129
44
211 78
14
123 194
7
169 81
35
67 70
55
26 32
7
227 22
100
232 137
46
259 240
63
70 75
53
278 253
82
148 143
30
46 132
47
250 127
15
150 189
20
95 253
38
185 146
92
46 253
83
151 269
57
118 92
9
104 194
69
123 207
56
16 81
62
217 71
21
48 33
3
144 266
99
92 76
58
14 156
6
275 197
49
113 135
91
145 87
60
90 151
12
76 216
99
117 25
70
268 157
75
120 30
99
273 272
63
221 82
28
171 261
88
50 200
91
69 213
78
143 162
54
129 264
13
206 218
11
154 28
42
25 143
92
71 259
77
222 162
91
115 36
57
18 103
31
27 108
79
242 33
94
25 264
39
186 101
67
76 229
82
115 157
26
122 116
43
161 44
75
221 95
78
59 33
78
45 98
75
78 46
63
36 49
52
25 156
91
214 55
72
71 272
27
90 285
35
131 286
69
222 175
37
48 288
46
230 36
41
175 100
62
221 216
86
147 1
43
133 103
72
105 41
6
184 41
99
84 103
88
1 297
57
142 44
83
1 68
51
78 288
40
196 280
39
209 219
3
168 181
40
195 55
56
11 234
95
79 109
53
184 162
63
156 63
6
142 165
65
188 281
36
293 68
59
193 130
44
191 286
7
105 283
98
149 289
17
94 124
3
135 125
99
264 10
88
195 176
80
47 12
52
52 127
32
253 117
52
49 58
34
161 299
50
109 109
97
183 58
74
257 7
87
147 135
79
274 176
20
59 288
62
94 245
49
209 232
60
79 122
53
63 114
86
54 294
56
109 1
48
21 117
13
35 15
14
191 299
11
130 289
13
130 60
46
264 252
89
80 202
60
262 179
73
181 254
27
74 128
32
234 117
71
179 181
85
93 141
86
146 4
18
46 66
98
299 246
92
239 195
66
266 69
15
82 248
84
142 299
89
169 136
33
241 241
74
174 251
29
241 12
48
12 189
72
53 190
13
180 2
95
292 243
98
199 15
70
56 195
2
171 182
63
138 5
56
129 185
81
74 249
93
192 241
38
13 10
57
227 198
16
56 87
87
171 74
55
28 254
76
187 18
21
233 134
40
51 157
12
90 85
22
227 90
4
180 244
38
261 88
27
13 23
95
192 254
18
104 141
1
145 142
33
7 208
12
222 96
77
48 209
29
134 20
50
83 203
96
50 26
93
261 209
50
11 34
41
217 139
31
134 141
68
122 50
92
120 206
37
199 270
38
240 42
76
212 209
93
105 83
32
210 99
25
110 161
97
270 150
90
145 155
38
184 83
60
29 209
74
203 96
24
120 98
12
59 88
91
152 279
14
22 169
27
96 155
4
237 94
98
228 45
37
85 225
39
291 101
87
117 214
54
15 166
84
1 2
41
64 287
30
45 45
18
298 225
62
64 58
69
55 238
61
163 37
89
297 37
88
154 217
2
99 281
67
140 282
47
66 104
87
167 156
44
71 219
31
38 42
13
258 274
59
244 110
85
1 123
4
18 292
91
59 101
6
293 231
89
270 284
27
108 222
32
22 182
8
127 235
62
186 290
22
126 10
53
24 228
75
43 241
98
15 179
14
68 5
65
202 5
86
188 107
68
293 123
85
177 177
85
3 290
27
204 51
51
75 166
30
264 65
53
121 282
35
283 115
95
61 2
92
140 295
65
88 105
2
65 121
40
189 187
81
285 124
17
230 225
5
3 182
63
259 108
70
253 293
11
148 11
6
192 54
1
137 118
53
49 5
82
183 5
30
67 59
3
107 131
100
74 183
1
79 298
100
239 250
20
5 83
7
137 239
7
274 244
52
136 14
41
40 77
25
12 244
16
275 65
54
247 3
88
151 29
76
104 183
67
266 16
75
109 298
19
269 250
52
90 19
81
269 21
94
129 132
80
239 263
33
266 137
80
178 253
58
197 266
89
219 25
33
90 140
4
122 92
77
287 196
42
254 19
28
190 263
39
97 35
77
201 129
34
220 142
3
13 78
90
173 30
59
178 145
23
123 209
28
2 148
52
222 151
25
249 25
92
194 89
9
139 153
92
138 194
11
212 143
57
105 17
68
50 81
23
102 271
46
124 30
21
14 158
81
96 197
75
129 145
36
261 35
16
99 202
90
132 150
93
44 37
82
219 38
96
164 102
49
217 194
8
2 269
93
263 81
51
120 261
56
139 274
53
143 164
49
261 156
76
206 220
70
159 145
68
30 223
50
219 159
50
131 46
86
29 35
60
115 38
3
122 226
64
161 154
27
124 43
92
110 108
52
27 110
23
214 165
5
200 267
23
159 266
74
200 38
83
286 41
8
236 220
73
277 221
71
59 264
100
133 213
3
100 36
50
64 113
50
105 151
74
237 41
10
256 54
77
27 231
23
154 43
46
30 236
39
272 264
84
98 111
20
156 52
92
268 293
59
230 38
11
290 52
66
12 44
12
124 285
92
210 288
92
17 159
13
292 98
44
242 277
15
94 113
7
140 229
2
181 1
71
126 65
60
267 41
42
167 103
66
184 272
44
43 296
60
186 116
51
45 113
22
260 1
70
177 232
32
292 219
1
58 52
73
237 283
87
130 157
73
36 293
21
209 221
37
228 234
42
195 286
19
10 11
87
128 3
84
174 119
83
232 60
78
135 127
54
234 106
10
46 55
94
63 224
17
137 173
58
68 73
49
54 175
73
169 125
51
100 291
26
174 240
45
125 55
12
42 57
15
135 248
24
88 173
56
52 250
22
285 192
8
128 245
17
26 197
94
241 122
57
72 84
37
70 240
18
70 11
81
223 253
19
88 294
35
148 79
96
46 297
61
5 30
32
252 136
22
238 238
69
197 200
3
255 178
2
62 12
48
7 76
78
218 259
63
259 297
32
83 71
82
234 240
64
96 10
7
0 73
7
118 28
64
123 143
45
16 17
38
241 135
23
134 9
77
34 71
97
153 22
56
139 87
66
226 12
17
162 256
85
165 261
66
27 31
8
132 84
60
118 149
68
178 200
69
123 264
3
197 213
60
16 138
17
180 246
97
180 17
51
56 210
36
4 20
86
124 85
11
148 213
99
294 267
60
247 192
7
32 267
76
76 44
71
103 147
75
48 211
61
282 149
22
227 213
9
120 87
6
20 149
60
245 267
68
97 103
33
69 270
63
261 211
48
13 146
51
228 34
38
25 200
16
131 101
1
2 216
98
115 93
75
254 208
25
92 146
46
78 211
61
36 214
28
145 157
79
84 147
74
203 98
26
263 149
100
175 36
54
1 112
53
101 50
50
276 88
44
166 216
81
105 206
3
210 222
18
143 232
57
251 260
34
22 171
12
237 96
88
228 47
47
30 291
95
112 101
4
184 206
2
43 230
86
73 109
36
152 173
24
64 60
99
17 214
89
36 227
36
22 292
19
223 53
72
11 170
54
267 96
97
126 120
49
286 109
85
98 58
26
84 160
64
244 112
41
230 214
51
216 279
26
207 230
65
205 157
11
31 4
22
17 106
77
108 224
44
209 276
94
283 225
99
94 60
15
295 50
12
214 125
64
33 50
11
167 50
31
211 56
90
161 235
58
106 299
78
40 174
2
274 112
13
61 233
24
102 5
94
165 61
14
54 230
26
188 230
51
174 295
82
31 246
4
232 236
6
209 289
65
74 64
5
253 295
63
179 117
76
280 169
50
32 67
48
244 246
62
183 7
63
255 112
48
26 252
94
7 10
3
53 126
25
245 67
18
264 80
66
135 195
70
162 298
74
0 236
21
41 8
32
60 21
99
220 10
85
239 23
41
63 292
60
44 13
70
155 295
87
86 195
61
34 5
70
232 249
7
125 123
28
259 123
73
264 201
5
129 13
26
160 80
24
247 234
48
285 260
100
150 72
32
136 137
72
208 13
17
39 204
16
218 206
41
6 27
100
171 131
11
124 19
72
60 263
36
41 21
11
27 86
37
145 78
1
236 196
10
269 144
10
296 247
16
7 144
87
139 263
43
240 86
41
185 150
19
23 88
30
9 190
25
13 80
77
44 147
4
159 134
23
233 83
73
117 137
20
76 99
67
296 139
60
29 24
55
240 207
18
37 144
72
207 30
26
138 196
40
83 260
78
284 21
78
201 252
22
127 37
62
118 217
78
11 91
58
219 269
9
178 268
84
57 207
19
164 104
42
236 209
75
48 158
52
276 22
98
207 151
21
284 142
3
110 218
87
55 282
29
36 40
10
237 30
78
297 81
75
99 96
39
112 35
56
122 228
39
276 143
66
59 145
24
293 46
88
31 46
74
108 266
91
8 99
52
149 38
25
85 282
24
200 269
79
52 105
81
272 145
91
103 107
68
161 48
71
202 49
10
59 266
47
106 112
56
91 218
69
214 288
60
71 276
32
79 100
10
184 153
39
98 113
91
244 167
6
10 0
53
156 54
29
293 59
11
64 236
20
193 121
48
264 1
72
286 285
25
267 43
86
65 57
30
225 46
17
244 59
54
100 280
86
279 282
96
17 282
44
130 159
63
168 185
75
283 172
91
195 288
61
63 105
19
288 223
76
147 247
18
45 236
70
86 237
48
204 229
79
204 0
30
42 167
82
264 14
77
195 180
90
107 296
71
192 111
36
257 240
81
109 113
24
40 13
44
7 65
6
287 119
64
204 121
75
176 288
93
295 239
80
102 73
23
262 62
76
33 239
66
162 124
81
52 252
40
93 24
25
220 65
30
294 14
61
233 4
37
238 119
68
183 183
20
150 6
87
260 137
67
53 73
48
172 24
44
213 62
15
88 296
72
74 132
38
289 20
28
60 197
89
187 9
79
63 239
70
211 137
7
208 68
80
34 181
53
273 197
92
171 186
37
83 73
39
275 243
37
160 27
65
32 256
61
247 181
100
118 30
40
134 240
78
282 138
2
227 202
35
139 89
10
9 245
25
83 194
48
231 92
30
60 210
51
132 86
44
30 38
66
291 79
21
29 79
68
34 194
31
53 207
60
139 210
95
226 135
48
97 213
52
4 22
12
50 138
42
270 141
15
182 28
37
297 15
76
35 274
6
48 213
52
263 138
15
153 266
22
226 256
46
243 159
80
242 200
80
261 213
88
200 203
13
272 79
91
236 156
65
188 85
78
207 98
21
78 213
92
45 36
28
205 25
13
27 167
44
118 285
16
11 159
97
140 44
75
112 211
88
15 278
1
230 203
100
101 52
79
18 54
41
279 95
62
124 221
100
17 95
41
251 33
50
283 214
34
228 278
64
80 114
31
11 280
95
85 229
57
200 216
32
145 280
85
24 219
20
198 106
45
189 57
74
271 96
81
4 277
49
251 154
86
237 219
91
3 52
32
154 221
54
228 170
19
66 108
14
184 100
96
101 294
33
73 232
68
147 181
84
210 237
27
158 47
96
22 186
33
8 288
34
121 165
17
52 294
57
33 52
47
286 232
12
198 119
73
255 101
59
114 125
76
155 163
92
169 61
45
86 63
15
204 55
49
278 4
36
176 222
78
135 184
25
102 7
14
33 173
2
258 291
71
299 63
57
156 243
34
238 53
96
202 130
19
232 238
57
53 7
84
231 13
50
162 179
31
281 130
24
181 192
95
46 4
28
132 7
73
21 176
61
53 128
31
172 79
52
287 66
47
213 117
90
218 195
35
144 17
42
245 69
72
229 61
83
0 238
74
93 200
9
220 241
24
294 190
46
5 87
41
65 138
54
164 80
99
81 82
41
53 249
10
172 200
47
287 187
55
213 238
100
273 252
25
111 190
82
190 254
59
229 182
11
88 243
55
160 82
98
220 133
74
13 69
58
178 136
93
71 10
32
269 254
4
35 87
76
208 15
47
194 80
78
56 146
12
185 31
69
9 71
10
294 203
55
145 80
17
48 147
93
208 136
66
6 150
48
97 39
12
224 80
11
60 157
46
261 147
45
247 249
59
173 34
19
272 13
70
134 79
64
48 39
13
230 16
48
194 93
1
6 42
10
212 147
23
83 262
74
270 88
11
60 278
66
16 208
90
57 209
39
219 42
63
217 198
76
222 276
14
203 34
66
134 200
92
276 24
50
92 203
43
133 204
39
37 267
72
152 217
69
4 90
33
237 32
47
187 211
62
140 99
87
200 150
38
286 153
95
145 214
5
272 255
25
263 206
97
122 230
68
268 284
85
106 222
35
188 32
12
209 91
2
184 34
13
84 96
62
225 35
67
18 230
93
105 155
17
3 107
35
286 166
21
230 271
95
276 158
41
73 58
25
293 290
81
45 225
99
119 174
72
191 279
45
283 282
99
244 290
34
65 59
56
15 238
96
156 177
90
285 62
80
147 128
83
40 2
68
279 284
16
141 54
40
67 105
72
158 223
18
42 48
20
295 228
33
135 10
50
198 295
46
253 2
50
299 118
28
271 285
55
290 298
14
257 121
25
274 61
7
86 239
52
232 293
30
158 115
77
287 0
67
177 128
97
89 244
80
149 295
73
278 180
51
245 3
21
176 169
53
33 120
48
266 62
86
238 229
94
101 254
67
257 242
88
68 77
73
95 180
46
255 169
1
169 129
21
12 182
24
218 21
28
245 124
93
248 129
1
148 191
26
201 54
71
165 131
77
104 121
72
178 70
44
252 19
62
150 237
2
257 134
33
260 139
100
134 0
98
53 75
51
125 180
46
171 296
86
171 67
76
83 183
64
231 81
38
146 239
89
165 252
78
238 242
25
236 132
26
95 193
81
296 183
4
190 201
79
157 24
93
247 183
49
250 188
65
236 253
80
296 75
38
120 78
88
111 258
87
92 16
43
152 30
98
102 209
83
284 186
2
251 9
88
69 32
1
122 272
66
175 135
85
194 148
31
87 22
93
240 35
30
205 14
96
231 215
18
224 27
62
69 153
61
243 40
45
196 194
79
160 271
14
113 196
81
13 258
84
132 209
42
32 271
85
90 212
27
291 202
94
258 25
65
29 202
62
263 140
98
216 28
29
78 94
98
105 197
91
50 261
67
237 87
80
228 267
32
167 28
58
38 143
84
84 30
87
122 285
33
263 261
36
288 25
75
293 103
3
50 153
76
210 105
84
297 259
61
154 210
45
267 87
92
286 100
15
272 202
2
203 102
44
175 269
82
106 169
61
279 97
52
191 213
38
265 162
70
224 161
59
108 215
94
127 228
13
168 229
6
33 41
68
79 157
88
82 162
20
64 293
26
3 54
64
140 288
91
33 162
2
162 47
70
24 113
62
251 277
81
292 278
27
295 283
58
190 1
65
121 167
7
80 129
92
74 55
99
253 286
46
294 58
8
184 223
47
84 285
12
216 175
79
128 291
68
67 52
97
265 296
69
86 65
24
158 170
34
31 129
56
89 70
89
245 58
29
135 186
39
121 288
23
176 224
96
28 60
97
281 11
56
253 178
32
299 294
40
225 116
95
82 296
15
290 245
72
269 122
93
136 7
42
227 125
24
246 175
8
232 240
47
199 63
41
273 12
89
37 1
60
116 65
59
74 68
48
46 6
2
225 237
95
13 58
10
132 9
75
109 291
63
269 243
2
81 192
8
53 130
85
14 138
80
0 240
12
19 253
67
247 117
49
63 296
3
266 130
69
104 68
55
123 81
29
90 133
90
150 184
37
155 299
44
122 85
22
39 87
11
78 15
33
231 257
91
47 207
63
143 144
30
129 17
10
275 71
76
220 135
61
146 186
37
44 138
3
233 74
26
238 189
46
2 141
46
62 192
17
296 130
37
120 133
23
185 262
24
111 84
73
152 85
41
226 71
75
83 251
62
105 10
87
143 36
58
96 190
45
275 192
41
8 77
54
30 95
55
291 136
81
203 23
18
62 84
74
122 98
2
120 254
38
53 264
8
276 13
28
152 206
46
59 15
3
129 259
34
36 31
72
215 33
72
173 265
75
57 90
9
76 103
6
62 205
26
236 92
36
230 18
83
227 272
79
120 146
69
133 85
58
152 98
63
138 200
91
124 265
7
270 90
28
261 270
12
168 42
36
127 41
32
154 144
91
66 31
12
136 275
83
235 217
79
254 267
100
106 103
79
147 104
35
64 106
64
50 208
7
69 221
68
163 85
54
168 163
51
140 101
58
112 39
92
43 168
43
277 106
7
230 260
39
115 44
68
230 31
41
6 286
56
54 34
83
78 162
67
205 203
55
45 214
20
121 209
67
200 273
80
286 276
51
219 286
57
286 47
70
98 225
72
235 230
22
119 55
29
191 160
57
210 173
86
196 275
12
163 98
52
176 37
25
225 158
83
10 233
14
189 235
72
10 4
93
95 48
76
40 112
90
246 217
50
12 50
76
292 104
64
168 297
66
264 5
94
176 158
30
88 45
59
214 184
57
234 99
38
179 163
6
19 174
9
5 10
88
293 184
22
246 109
10
278 290
94
264 126
14
176 279
63
47 128
45
74 2
51
93 15
70
123 123
14
238 110
80
21 112
14
169 10
48
296 51
85
155 112
40
67 228
61
153 2
33
273 67
2
149 297
55
264 247
83
262 174
98
148 72
5
5 252
62
46 61
56
151 77
71
123 244
65
156 192
97
49 66
63
155 233
78
21 4
44
53 185
1
232 187
69
240 11
25
56 190
90
264 139
63
129 180
51
162 128
77
179 297
60
201 56
66
294 18
9
65 195
11
13 5
72
109 238
83
16 10
11
117 62
43
81 139
46
185 196
69
270 11
42
192 128
55
153 136
14
221 11
71
218 265
26
157 255
31
124 78
14
41 80
7
261 83
75
35 265
60
236 26
50
282 142
59
15 27
38
172 270
99
120 80
80
92 247
92
78 83
86
212 83
53
143 212
62
229 252
80
201 190
80
242 191
59
187 255
62
27 37
61
13 139
35
16 144
47
180 252
91
39 276
56
139 214
24
69 155
88
55 220
48
22 43
45
275 260
35
297 19
71
154 199
20
186 151
62
236 268
20
43 102
80
103 153
84
240 158
89
78 96
95
193 46
77
124 212
61
36 99
44
164 284
99
216 151
74
188 89
17
293 105
49
243 284
32
108 96
53
8 158
57
223 46
41
228 161
77
277 282
10
225 92
64
115 220
57
142 94
45
216 43
96
128 159
60
91 48
15
3 164
81
163 153
23
140 169
42
181 170
42
126 234
6
286 223
38
52 56
72
235 177
3
246 272
84
287 44
94
77 234
78
94 174
37
140 290
36
88 100
29
211 170
18
101 298
83
290 234
77
257 57
4
114 8
96
141 111
75
31 239
18
3 177
35
144 116
82
94 295
68
52 298
32
19 121
32
179 110
19
82 177
92
285 11
79
257 178
47
128 293
98
169 65
8
158 172
19
144 8
8
245 60
32
116 175
86
176 226
68
9 49
8
195 239
68
234 167
43
60 14
49
280 283
20
299 296
94
137 234
51
51 194
66
178 6
39
123 70
8
197 19
18
150 173
72
245 181
34
56 16
11
83 119
17
116 67
77
60 135
91
275 60
68
280 175
94
192 62
31
233 63
53
236 68
81
169 78
88
53 132
71
144 250
87
259 237
36
92 60
66
185 22
91
275 181
100
220 245
23
60 256
2
27 79
69
280 296
12
206 81
39
51 207
13
236 189
97
134 178
58
81 86
19
48 138
61
227 140
79
23 81
68
14 261
17
178 140
55
217 68
35
263 184
59
122 208
73
227 261
45
111 86
44
23 202
2
110 90
12
220 258
52
127 30
66
173 146
56
222 267
95
222 38
56
134 191
33
254 256
87
64 95
13
124 146
19
69 210
1
182 87
27
173 38
24
15 95
45
73 36
12
59 138
99
64 216
53
210 41
64
256 157
94
242 259
1
154 146
19
57 213
22
277 216
92
103 100
5
189 103
96
15 216
82
120 269
6
115 154
29
1 52
22
106 105
95
18 221
2
202 42
33
97 285
76
279 262
17
298 275
79
182 100
62
94 216
91
11 218
54
85 167
51
286 157
22
131 283
65
184 146
70
277 108
13
18 113
44
133 100
49
193 114
88
237 157
38
130 31
57
80 173
5
195 160
15
198 165
54
170 103
66
142 270
47
288 95
63
188 157
97
274 160
23
12 160
20
91 224
61
36 288
56
177 227
66
89 114
81
42 39
16
61 52
75
176 39
25
66 167
98
181 117
7
65 171
89
244 173
74
271 276
67
128 227
44
40 114
17
265 232
22
232 55
69
259 158
29
190 58
83
269 58
45
125 50
82
130 165
73
89 127
58
102 66
71
271 289
69
252 10
91
257 125
11
169 241
93
81 128
97
67 230
90
158 119
17
37 58
14
111 7
63
0 176
40
266 295
9
132 66
89
197 195
73
21 235
59
241 238
91
39 23
11
56 192
28
190 192
92
28 130
43
14 195
6
104 125
25
233 10
37
269 192
10
139 82
41
70 248
82
56 84
56
226 7
44
23 136
50
47 264
33
201 179
62
8 13
61
261 193
66
113 66
34
27 26
96
159 182
12
35 146
18
34 187
21
194 139
26
218 267
8
212 193
60
9 130
77
243 31
28
289 147
98
127 85
5
242 72
57
113 187
60
219 88
56
217 244
38
164 152
78
57 26
43
103 142
46
222 93
58
20 144
51
235 32
22
50 252
88
69 265
73
229 254
97
270 26
28
127 206
56
27 268
40
256 91
20
27 39
59
272 72
83
217 136
60
59 193
61
133 142
46
212 206
81
50 144
90
124 93
38
265 32
31
8 147
84
242 85
3
25 87
9
140 37
51
286 91
34
76 281
75
24 91
39
244 94
57
48 219
5
106 160
18
133 263
93
124 214
55
163 142
37
127 219
37
168 220
68
75 29
90
25 208
12
11 273
22
38 147
57
277 163
34
115 101
65
87 268
65
279 209
1
17 209
20
191 96
75
96 273
9
75 150
61
181 51
83
198 220
45
10 169
43
249 222
38
87 160
82
155 35
82
105 214
31
193 61
38
251 268
7
110 292
18
163 155
46
77 115
69
223 169
61
107 223
65
299 164
24
128 282
20
202 231
77
255 94
33
205 273
72
26 5
51
17 222
48
182 289
61
28 51
98
195 228
32
126 128
98
123 59
83
40 290
50
155 48
32
241 51
65
246 166
26
72 13
16
42 107
28
116 56
85
102 121
99
88 223
60
74 59
55
294 62
23
165 177
37
266 0
97
252 65
68
68 244
74
100 233
1
26 18
73
158 174
4
226 49
46
171 113
71
264 75
48
262 231
9
28 64
44
162 293
34
162 64
38
179 233
25
220 5
73
206 70
72
192 172
91
104 59
40
197 250
48
49 123
77
21 290
56
169 188
74
21 61
55
81 75
13
26 139
11
172 193
11
34 0
38
120 3
43
39 78
17
199 67
31
226 170
71
218 80
53
74 72
54
201 113
12
151 255
55
109 295
26
197 142
2
269 247
25
68 257
52
16 67
28
254 124
94
37 126
41
111 75
94
212 127
66
284 3
83
69 78
60
143 27
18
41 16
30
127 19
46
32 196
38
200 9
50
2 24
69
7 139
54
106 81
78
185 145
24
171 247
5
243 86
40
261 140
24
99 78
57
104 193
95
90 258
81
112 17
63
76 94
71
62 196
12
282 199
53
230 9
41
39 212
43
133 76
65
138 191
57
60 271
61
283 20
69
219 35
76
76 215
46
84 76
66
194 207
27
1 41
86
166 145
10
279 22
46
143 161
58
196 24
81
297 76
44
283 141
38
277 97
11
230 22
88
243 220
99
297 197
97
149 33
40
168 46
80
209 84
51
283 33
63
200 264
99
219 277
59
131 164
86
115 156
61
191 151
62
91 213
48
140 105
88
85 169
40
167 208
94
203 161
3
156 49
60
142 151
62
202 165
64
193 116
13
286 280
48
52 113
85
38 215
62
253 103
82
24 51
14
161 285
41
183 44
20
36 290
88
77 291
1
58 49
63
3 113
45
77 62
61
94 231
22
135 232
76
80 296
23
195 283
18
262 44
37
52 234
43
267 159
49
112 285
30
165 111
73
115 290
51
274 54
75
26 181
14
232 286
35
213 44
20
278 173
6
149 288
76
198 180
21
49 57
43
109 108
12
54 172
73
150 109
71
274 175
74
292 229
79
125 52
61
144 65
36
89 129
29
218 14
33
259 52
40
190 181
47
176 283
79
295 234
5
28 119
48
47 132
71
192 227
11
266 176
72
123 127
62
81 130
40
218 135
54
42 175
63
212 61
30
28 240
34
83 176
96
47 253
73
181 253
67
27 15
73
206 17
57
151 81
7
233 120
78
16 122
65
81 251
78
153 127
29
227 76
84
172 140
96
92 117
43
199 14
92
226 117
7
157 17
24
266 189
74
296 297
5
263 120
23
48 195
61
122 144
8
134 235
68
20 133
36
111 22
49
212 74
30
69 254
20
14 89
59
270 15
23
160 143
66
201 181
8
8 15
13
261 195
84
118 146
13
104 248
78
2 200
51
139 205
41
254 192
74
132 202
1
150 256
70
43 93
46
84 131
34
203 82
46
20 146
3
185 213
15
4 138
38
8 257
3
256 93
18
11 33
43
219 211
23
76 162
8
115 90
10
189 39
9
120 205
66
290 91
10
298 211
65
124 95
21
251 136
52
108 87
56
173 216
48
29 208
56
175 262
24
101 47
61
18 278
17
77 104
3
94 273
99
198 101
96
184 203
91
230 90
23
101 168
27
1 230
18
1 1
24
147 55
70
174 158
34
293 109
53
224 275
88
246 34
64
163 36
23
149 101
71
223 50
48
107 104
56
198 222
79
24 106
31
68 112
33
54 214
37
202 112
86
133 278
34
119 114
24
246 155
71
110 294
60
292 42
12
42 96
10
209 273
78
195 109
20
74 48
23
19 112
18
253 50
19
299 166
18
151 2
75
101 181
86
54 106
55
172 61
34
163 278
10
77 238
80
278 228
46
149 114
58
190 115
15
28 53
99
234 158
5
93 182
75
79 284
96
239 7
1
225 109
75
290 238
36
183 112
3
95 228
41
31 243
39
287 169
4
149 235
59
190 7
91
102 123
56
74 61
50
19 125
90
234 50
25
32 64
41
49 233
56
197 131
58
202 246
13
255 109
40
42 230
66
116 179
2
162 295
12
79 297
58
280 287
91
247 110
81
137 238
35
296 231
37
39 80
40
254 5
80
97 21
24
90 18
64
291 8
61
120 126
98
240 191
98
6 24
21
152 78
71
171 128
87
262 246
70
41 247
32
60 260
36
127 21
86
132 136
98
173 137
17
250 128
10
217 180
54
153 195
53
6 145
6
221 70
88
226 185
2
97 34
11
298 24
57
229 190
52
96 75
17
256 27
39
71 247
11
90 260
59
272 8
34
57 83
68
175 75
15
276 127
99
39 214
55
18 91
97
152 91
16
138 193
89
55 158
14
11 88
44
219 266
89
71 139
90
286 27
100
236 206
54
184 16
89
43 40
39
277 207
2
59 21
46
97 276
63
298 266
82
298 37
29
251 191
1
36 37
89
237 27
87
27 217
4
214 43
47
263 201
32
222 163
44
142 140
53
101 102
23
119 156
12
298 158
100
210 274
92
124 271
16
110 107
46
242 263
45
286 269
28
167 89
21
24 40
55
222 284
17
15 220
73
290 159
67
202 46
53
59 263
5
73 161
27
293 164
99
246 89
89
3 102
8
112 274
12
24 161
95
98 110
89
198 48
59
184 150
98
271 38
76
73 282
94
255 30
95
73 53
17
40 105
91
232 46
2
149 48
18
80 177
19
66 279
9
267 269
26
33 102
29
267 40
95
184 271
1
10 118
71
290 172
62
54 161
12
169 111
34
193 239
9
31 177
1
17 279
25
58 280
74
176 43
41
47 121
54
79 110
47
109 218
12
169 3
90
31 298
82
19 180
18
148 65
19
280 221
73
225 285
52
197 186
57
250 49
62
12 177
66
58 293
97
125 54
56
171 170
64
148 186
58
74 8
18
220 62
28
261 63
17
159 52
99
255 285
66
169 245
74
35 16
94
7 183
80
76 17
66
287 237
22
185 189
44
130 290
88
83 178
84
28 242
84
157 127
9
60 194
53
239 196
69
247 286
48
206 19
25
159 173
50
227 78
84
226 119
87
56 196
62
42 298
23
69 135
11
242 63
51
159 65
78
236 248
10
2 81
19
136 81
76
122 146
16
282 135
70
34 299
28
254 73
3
133 12
7
298 79
20
55 92
20
275 132
1
2 202
6
291 76
60
122 267
1
134 129
8
263 14
63
120 194
94
194 143
48
133 133
35
78 197
43
205 9
1
215 202
87
160 266
38
25 78
35
16 258
5
219 92
80
217 248
70
1 98
37
152 267
60
251 17
84
108 197
46
127 210
36
256 95
12
242 197
56
84 254
11
122 280
29
20 269
38
133 146
8
138 261
69
251 138
31
168 103
18
283 90
14
66 92
34
57 272
4
291 210
1
258 33
77
189 162
91
249 213
2
290 214
82
235 49
19
155 26
97
100 90
94
149 211
21
223 160
58
52 278
76
101 170
33
290 106
45
106 285
41
128 44
48
205 264
22
135 168
73
88 93
79
126 119
18
73 229
64
18 293
59
40 52
17
293 232
51
174 281
49
45 167
14
177 286
16
3 170
40
89 173
62
75 275
85
259 96
66
94 288
10
144 109
28
204 160
85
88 214
37
33 278
62
281 114
63
294 53
60
285 233
36
89 294
48
204 281
24
259 217
5
195 232
76
47 68
1
148 120
30
198 237
87
206 61
61
239 9
37
63 278
40
63 49
70
104 50
78
271 227
43
183 114
57
21 52
70
136 2
95
260 68
91
287 171
89
218 71
11
116 289
43
295 291
84
102 125
38
201 104
29
165 181
19
132 4
47
118 69
60
238 171
19
40 186
28
287 63
30
199 179
99
273 128
81
42 232
69
116 181
55
19 248
56
160 187
57
280 289
99
132 125
38
192 176
76
67 181
18
227 133
78
284 115
39
275 66
31
46 243
61
206 195
81
99 69
45
266 246
18
118 82
12
123 197
34
164 198
73
76 85
30
34 125
90
208 12
21
39 203
95
226 295
68
78 131
55
212 131
72
102 259
28
143 260
84
243 198
86
215 136
20
201 238
71
289 85
60
233 190
61
219 26
44
217 182
23
236 195
29
43 29
18
29 131
10
249 134
34
194 198
20
53 259
63
106 85
36
152 201
25
56 264
44
17 13
78
229 192
52
261 144
74
25 133
1
159 133
98
117 136
76
161 142
49
194 90
43
18 93
78
6 39
76
4 195
67
207 29
28
55 160
40
297 188
93
168 37
47
200 26
81
112 142
99
76 219
88
115 147
48
15 209
66
268 160
55
55 281
86
108 144
21
242 144
53
80 45
91
179 24
85
184 139
83
249 268
55
156 40
58
271 27
33
101 104
5
147 220
14
59 144
39
188 29
49
12 32
79
127 278
21
112 155
58
203 273
30
10 107
92
115 160
94
128 99
17
188 150
15
298 281
66
89 107
27
204 94
98
75 209
19
130 145
10
272 265
85
24 163
65
280 89
63
98 112
83
230 268
40
128 220
49
54 42
99
255 32
45
31 58
2
89 228
37
204 215
28
75 101
34
264 0
73
80 179
47
126 295
75
107 53
52
299 223
63
63 212
73
137 161
44
142 276
17
216 225
86
183 48
37
40 228
61
155 215
91
172 118
95
213 156
51
246 104
31
39 3
9
218 5
80
278 56
37
248 113
64
281 61
7
181 123
76
60 62
1
151 180
12
211 2
16
183 169
73
255 274
78
37 51
56
176 166
87
225 287
67
266 288
29
247 46
93
63 225
94
169 126
21
81 13
29
26 77
37
153 118
91
213 169
89
287 118
11
70 120
99
111 121
85
264 134
36
157 8
54
47 136
95
41 62
66
117 57
47
296 288
90
34 59
98
153 10
69
120 62
36
83 180
77
47 257
85
165 249
6
159 175
76
233 124
29
250 293
50
30 24
84
164 253
26
117 178
15
120 183
5
53 193
34
39 258
49
106 19
80
92 121
8
218 260
56
23 250
63
157 250
33
138 8
71
124 73
62
27 140
1
13 242
22
32 255
54
57 19
84
97 91
41
212 78
5
110 30
91
297 122
82
27 32
52
200 189
30
145 24
24
117 191
77
120 196
16
268 94
76
243 266
12
168 92
21
99 258
3
200 81
77
291 199
68
235 38
69
207 205
15
105 194
86
270 261
20
22 159
100
256 97
95
80 100
78
11 266
77
200 202
10
272 78
63
258 143
18
203 207
3
276 197
69
133 148
6
119 213
33
251 140
68
292 141
42
3 38
18
297 256
73
24 97
99
98 46
84
225 87
19
115 215
61
175 266
1
204 149
60
52 51
10
24 218
97
43 231
22
161 223
87
54 97
58
292 154
90
237 218
38
130 92
64
267 97
48
167 159
49
165 49
53
280 36
41
299 49
44
244 113
55
101 293
96
68 116
62
54 218
29
235 293
16
193 296
91
241 44
10
260 57
54
86 170
50
52 293
69
74 52
75
234 41
41
220 106
96
32 55
5
192 44
55
65 3
73
244 234
67
123 173
94
21 162
43
255 100
17
53 114
1
213 103
33
158 167
22
70 283
82
3 293
31
56 119
14
185 4
30
162 286
36
253 175
94
5 73
69
211 178
1
238 281
26
104 52
78
178 1
99
164 66
41
21 283
97
62 55
35
67 170
12
12 234
60
259 111
1
295 293
82
215 4
62
46 232
62
280 170
79
192 286
16
266 235
6
51 81
38
250 227
57
183 237
30
81 189
15
282 179
28
144 245
25
218 194
32
245 68
58
14 135
52
41 9
21
13 176
37
206 76
29
35 194
49
164 79
74
169 194
92
139 251
61
125 124
96
37 240
52
39 84
62
298 15
78
243 79
37
248 194
44
215 246
17
160 81
76
275 68
47
27 195
6
261 133
14
247 235
34
154 7
12
104 186
2
164 200
93
185 259
96
212 133
92
196 125
87
242 12
20
187 76
85
66 15
54
219 28
30
217 184
92
117 246
53
184 7
69
2 30
7
48 146
24
1 34
96
97 267
69
279 15
72
298 28
34
243 92
36
110 206
52
36 28
70
22 93
96
297 69
56
164 213
10
217 76
33
222 154
21
208 256
15
120 143
81
4 197
66
17 136
36
251 74
97
182 203
80
209 77
40
154 141
54
57 208
39
43 44
78
115 149
20
189 98
8
288 77
56
59 254
70
152 216
57
193 217
89
279 28
75
237 31
40
182 95
37
126 163
11
291 267
4
290 42
95
293 276
62
174 96
53
205 200
3
292 88
90
297 203
12
168 281
89
85 283
12
286 273
55
167 93
96
112 157
25
24 273
56
98 222
90
184 262
57
258 211
79
43 286
60
115 162
9
230 149
67
68 50
37
59 267
36
58 42
58
223 109
26
264 110
23
195 276
88
107 163
52
198 281
57
239 53
46
10 230
25
65 166
35
63 93
31
51 2
96
271 42
96
288 211
50
149 281
37
42 155
37
283 281
66
176 155
96
88 42
22
74 107
69
98 235
12
5 7
43
299 225
15
211 112
63
216 227
64
183 50
43
259 274
33
130 160
41
218 7
82
245 110
13
264 123
36
160 2
86
239 66
84
95 287
45
67 225
91
172 12
77
28 233
72
262 171
95
281 184
59
181 246
92
0 171
33
93 133
57
220 174
29
165 238
69
13 110
48
51 136
29
178 177
57
227 69
93
20 5
26
157 239
83
262 292
22
284 51
36
143 75
95
129 177
13
74 241
10
160 244
100
289 129
10
148 190
13
294 244
22
146 117
30
151 195
19
266 182
57
25 56
90
16 236
87
150 236
80
134 228
73
34 290
100
139 77
18
166 180
87
185 193
36
143 196
63
270 8
16
187 10
91
145 13
70
39 260
32
20 18
96
92 123
1
138 239
53
212 188
11
105 62
10
224 13
47
14 203
70
127 80
13
113 182
4
187 131
88
132 195
60
13 244
81
27 142
55
44 82
68
90 198
2
76 263
10
43 86
70
277 24
16
263 126
56
249 191
98
15 24
29
279 70
29
193 30
65
270 21
44
154 75
98
85 204
22
30 268
81
118 152
54
167 14
72
76 155
17
277 145
54
189 32
6
230 70
72
276 186
82
240 263
90
188 73
60
97 214
10
270 142
59
96 255
39
256 207
36
8 142
1
154 196
61
283 81
41
30 160
26
112 199
56
82 27
86
235 40
55
18 271
44
207 207
43
152 271
13
228 266
93
85 217
89
33 27
81
258 145
25
142 199
59
101 161
69
274 89
30
45 266
42
4 265
92
193 164
39
36 217
34
22 53
51
165 38
56
244 102
56
288 145
55
202 105
4
210 225
83
3 161
64
22 174
60
295 269
89
179 94
32
93 54
10
84 271
24
244 223
8
63 148
20
257 162
81
54 99
54
45 279
60
26 0
7
213 92
29
163 271
88
22 295
30
52 174
23
179 215
15
271 218
9
49 105
28
269 108
37
155 272
77
260 59
41
213 213
56
86 172
89
125 100
57
130 215
45
190 229
3
116 51
62
47 180
80
33 282
42
162 167
6
14 3
73
179 107
30
225 223
3
285 237
100
49 226
38
197 124
44
257 175
24
255 102
32
141 229
44
172 67
93
42 223
31
176 223
73
264 70
9
143 9
30
294 178
91
285 129
39
153 175
74
287 175
7
125 113
48
56 13
14
190 242
47
157 65
12
129 3
87
220 121
50
123 188
85
269 242
86
291 1
36
62 178
6
136 127
59
29 1
58
268 17
63
144 247
56
259 234
11
37 121
65
111 70
30
226 57
36
42 236
27
157 186
68
102 250
72
60 253
100
294 191
24
27 76
45
238 296
87
71 119
28
250 121
81
95 247
48
62 299
39
53 250
37
268 138
50
180 62
60
212 14
11
36 17
44
289 197
39
55 30
77
275 299
29
173 22
86
164 202
7
131 25
30
217 65
75
7 255
9
48 256
49
48 27
12
221 184
33
36 138
98
127 27
24
85 30
7
71 132
57
43 33
77
203 22
88
115 138
25
103 84
49
268 151
23
276 12
53
207 141
16
45 79
88
265 82
22
196 248
67
36 30
59
108 135
88
127 148
46
27 210
80
80 36
79
195 23
70
71 253
31
43 154
50
175 81
73
268 272
87
166 261
64
205 189
9
64 213
8
105 22
54
143 277
78
36 151
90
256 154
10
75 79
23
267 20
18
258 200
51
184 22
33
170 87
91
15 213
24
249 151
2
276 254
9
142 25
16
202 39
42
293 157
68
17 259
17
237 262
8
3 95
20
121 87
7
140 100
57
186 216
19
24 154
44
170 208
28
17 151
6
121 208
2
286 275
82
107 44
3
93 109
66
253 98
8
179 149
44
49 39
48
276 267
64
128 103
44
202 52
33
188 154
79
274 157
10
204 98
32
278 47
6
61 278
4
195 278
67
61 49
10
281 52
58
0 39
26
93 1
70
170 221
60
285 171
24
202 173
34
114 289
45
188 275
33
155 98
22
67 214
43
12 278
86
260 114
68
31 291
60
3 229
99
42 157
74
126 299
12
234 98
55
24 288
33
32 112
21
142 280
60
114 181
22
141 55
93
86 119
56
273 174
51
295 229
73
28 114
3
102 63
63
229 104
74
33 229
34
148 179
34
54 288
69
95 60
71
26 189
95
12 291
90
287 230
19
125 168
21
9 222
68
83 171
81
88 286
72
275 112
100
60 187
77
280 227
91
151 76
89
233 115
81
104 230
54
252 128
61
254 174
9
273 187
87
56 189
33
261 69
3
151 197
55
159 58
11
233 7
85
219 72
76
164 136
22
16 9
75
90 187
18
134 230
7
282 128
14
20 128
32
39 141
85
171 297
30
69 249
5
289 252
97
270 10
27
215 74
24
289 23
71
261 190
59
159 179
100
104 243
52
164 257
55
16 130
98
291 69
16
263 236
26
81 259
90
106 23
43
221 10
27
23 254
13
64 26
44
224 15
65
124 77
86
69 141
77
182 18
62
99 249
50
261 82
13
99 20
58
145 136
95
217 241
65
291 190
80
38 10
20
103 139
65
222 90
47
249 193
62
196 74
16
55 98
56
237 75
50
256 88
55
75 13
53
261 203
47
272 69
19
249 85
72
276 188
17
221 252
21
133 139
85
207 88
8
23 267
73
99 262
39
173 211
10
200 85
33
112 201
2
291 203
18
235 271
64
6 219
55
210 214
90
110 276
52
270 265
60
22 163
13
297 139
97
85 219
19
186 271
80
112 93
70
24 209
22
43 222
79
170 263
46
15 160
91
288 255
24
147 279
43
133 152
48
64 281
85
224 270
77
223 45
87
135 161
1
295 150
93
209 147
11
112 214
14
98 279
22
170 155
77
15 281
78
68 107
100
133 273
45
174 274
68
193 287
80
260 48
17
251 265
23
94 281
24
42 91
62
10 287
96
285 226
14
156 112
18
288 268
48
172 56
85
232 107
91
218 172
6
163 273
7
22 297
79
204 274
27
204 45
14
190 110
30
264 59
42
74 164
33
280 269
86
5 64
56
123 56
56
95 223
5
21 45
92
141 110
26
227 113
40
172 177
92
287 164
7
218 293
85
116 282
85
135 295
72
239 123
65
192 277
24
178 113
90
197 126
35
183 228
16
90 0
5
257 177
100
155 166
81
227 5
52
172 69
14
204 287
11
248 64
66
41 0
86
151 131
81
252 183
37
145 57
47
90 121
34
35 185
51
21 287
26
269 123
56
257 298
45
263 49
26
227 126
22
20 62
91
199 64
54
240 65
88
78 3
55
245 180
74
9 169
21
231 245
47
97 16
22
284 108
36
5 198
73
261 124
85
132 239
68
150 293
18
153 298
68
249 6
4
9 290
44
102 252
39
14 139
3
108 3
43
187 296
32
187 67
6
13 180
81
99 183
60
236 188
12
48 137
17
194 191
98
111 193
93
173 253
74
247 239
52
145 191
77
291 245
92
291 16
1
263 183
21
175 70
41
120 134
89
20 196
5
235 84
26
221 186
11
6 32
45
133 73
86
207 22
92
152 86
15
124 24
46
36 140
85
297 181
24
242 245
12
94 81
26
228 81
22
214 146
40
233 196
89
85 32
17
222 266
24
175 191
42
249 140
44
6 153
54
265 84
7
94 202
84
168 151
99
154 253
65
228 202
57
154 24
70
71 255
31
200 140
31
38 78
100
184 132
99
115 32
86
276 135
15
6 274
5
91 89
88
209 81
45
214 159
40
267 22
45
52 97
4
1 51
35
54 143
10
128 92
24
18 220
22
59 258
91
147 105
98
174 208
65
193 221
57
110 223
72
77 46
80
278 36
36
198 272
82
63 84
55
82 97
6
40 100
57
155 87
4
174 100
9
119 164
72
191 269
81
31 51
99
232 41
79
22 231
72
61 159
58
52 110
64
1 293
61
169 106
5
114 170
13
100 272
63
67 95
17
72 173
48
245 101
67
179 272
13
65 170
2
225 159
60
170 223
48
10 234
52
123 111
91
197 60
90
169 227
39
296 39
35
293 293
15
232 283
99
72 65
41
135 121
34
281 175
79
14 60
5
181 237
99
275 101
42
79 226
33
179 164
94
294 114
33
5 11
54
220 165
60
269 57
34
260 237
99
208 47
96
287 111
36
61 293
6
28 116
47
148 181
40
146 108
17
294 6
60
7 178
31
241 116
87
67 229
72
245 235
84
88 288
48
0 175
98
74 124
31
146 229
31
247 281
37
178 181
38
217 109
29
117 171
76
62 6
59
134 111
42
34 173
58
194 125
28
254 176
6
166 63
34
111 127
90
138 1
53
224 4
19
182 7
13
220 299
47
113 173
14
25 60
65
71 176
42
62 127
58
208 181
63
194 246
89
23 135
100
138 122
51
212 71
97
284 176
53
110 23
32
201 178
8
242 179
88
261 192
13
228 15
100
164 259
23
71 68
25
222 200
68
221 12
41
23 256
24
97 205
75
96 246
17
215 197
80
160 261
10
168 85
90
13 248
80
98 26
68
84 128
76
134 245
80
122 154
41
15 28
55
106 146
62
119 85
1
124 200
70
69 264
14
297 128
50
187 256
55
283 193
24
228 28
11
66 195
59
186 31
2
272 71
72
1 214
39
221 254
78
288 15
92
18 154
88
133 141
56
119 206
15
45 28
9
17 195
32
36 208
13
163 20
88
8 146
85
11 151
29
272 192
82
10 155
11
216 31
84
257 32
7
155 21
99
191 203
57
267 198
4
214 106
42
52 273
89
24 211
85
10 47
52
271 88
15
59 205
42
174 155
62
232 96
73
77 222
33
89 47
93
94 162
57
47 50
13
52 165
95
38 267
49
179 206
73
79 39
83
280 29
52
63 31
25
290 222
32
155 34
43
158 39
43
42 93
85
295 273
94
61 106
29
102 107
52
0 96
36
93 58
53
79 160
15
32 48
45
63 152
61
211 279
14
252 51
43
128 281
52
109 39
54
255 93
57
241 158
98
26 4
31
273 110
35
144 225
88
171 99
4
61 227
11
264 61
87
80 240
38
229 40
1
146 42
19
46 104
88
247 94
97
151 120
33
63 273
78
68 122
16
72 241
96
218 66
11
56 233
19
116 284
26
56 4
80
231 5
54
74 287
56
151 12
11
192 50
99
178 115
50
233 51
69
257 179
23
7 4
39
116 176
12
262 230
91
69 64
68
132 120
48
44 7
42
30 72
37
145 59
30
219 8
74
238 287
60
16 174
35
241 292
96
34 228
2
213 230
90
20 64
8
190 246
22
83 120
27
124 121
49
250 233
47
16 66
91
2 131
4
7 246
61
222 134
78
227 249
78
34 120
49
134 58
56
20 185
72
268 21
59
240 188
33
9 292
12
108 5
88
8 67
42
25 236
70
66 8
7
233 185
71
219 250
65
85 21
8
131 137
52
117 10
19
203 13
56
43 24
87
194 193
89
139 257
10
180 295
24
6 142
17
138 298
13
97 260
67
205 59
4
23 82
62
224 72
68
196 239
83
129 249
15
289 201
49
55 34
48
8 188
54
127 139
76
44 141
19
291 247
43
84 183
71
203 134
41
122 209
39
115 21
63
120 136
90
6 263
71
298 142
1
237 132
2
108 18
19
283 19
71
117 252
34
43 37
98
189 91
35
147 94
19
97 273
26
270 201
66
3 86
83
163 75
66
94 204
14
184 134
32
115 34
61
1 161
81
288 191
65
202 151
21
114 38
10
293 40
58
64 217
16
265 207
76
77 156
88
127 273
13
121 199
29
214 161
52
52 99
3
79 202
73
15 217
16
73 158
41
188 145
77
119 274
21
86 97
90
232 151
2
58 35
24
144 38
58
168 166
23
176 27
35
107 156
80
167 207
24
112 271
88
19 43
77
24 158
5
280 84
46
225 148
70
285 162
12
238 87
72
109 202
88
128 215
86
45 217
63
141 154
85
213 30
62
3 220
86
107 48
100
98 228
88
184 268
23
5 0
73
244 282
41
151 54
26
266 41
99
192 92
65
227 49
15
172 113
1
158 215
74
77 290
82
130 153
100
264 116
40
88 156
93
162 105
41
5 121
58
239 59
75
178 49
63
257 113
14
12 282
3
260 118
86
232 285
57
254 44
27
72 67
69
259 159
10
278 172
24
107 290
26
129 49
17
146 218
93
225 282
16
247 41
19
49 56
25
81 8
61
158 228
9
129 170
8
179 287
75
41 57
8
132 175
10
51 250
65
104 113
19
90 178
5
164 127
12
150 229
31
269 180
32
35 13
50
255 282
97
53 296
74
194 6
9
273 70
74
102 188
56
69 11
70
146 231
70
206 245
77
104 234
33
11 6
66
123 247
90
30 19
4
208 291
8
103 9
75
134 113
41
20 240
62
53 188
77
20 11
68
23 245
68
105 55
71
231 194
19
294 250
84
159 62
95
145 127
6
90 191
99
219 76
92
236 245
41
296 296
67
203 68
42
76 27
4
122 143
63
249 184
6
194 19
73
276 58
24
221 122
96
106 135
78
193 23
45
50 240
38
143 202
45
50 11
90
36 76
45
256 79
43
209 4
56
206 258
64
159 183
12
84 9
50
115 76
30
194 140
15
276 179
97
139 204
7
20 253
50
133 130
68
64 30
19
256 200
81
121 12
66
85 89
83
71 191
45
133 251
45
18 35
24
174 23
88
265 141
69
124 202
38
177 28
2
110 38
32
182 143
54
27 269
57
94 30
38
140 146
67
85 210
1
214 95
35
30 274
90
145 261
42
98 149
66
170 25
19
156 90
39
15 151
16
1 216
44
161 205
81
59 194
73
207 92
16
205 248
37
293 95
86
110 159
13
22 275
19
182 264
48
22 46
74
168 100
52
154 202
74
24 92
47
271 198
2
18 277
100
147 162
25
174 265
52
265 154
64
237 92
16
108 207
19
283 208
48
121 146
13
181 160
84
225 203
51
51 50
44
271 90
60
265 275
30
86 44
77
232 98
8
204 265
84
181 52
8
198 221
65
137 211
70
299 44
3
285 109
42
123 47
53
202 111
79
155 265
22
293 229
60
26 114
67
149 221
74
94 285
92
278 106
73
116 44
78
28 160
62
176 95
11
181 173
67
0 98
31
165 165
61
65 227
14
170 280
59
67 273
73
260 173
94
67 44
60
26 6
63
3 288
19
89 291
91
61 229
93
135 178
56
190 114
85
28 52
23
93 181
52
179 221
61
60 4
10
206 58
11
151 122
29
137 224
81
156 237
88
68 124
37
241 281
37
67 165
14
287 168
60
240 56
11
23 58
17
231 7
27
33 288
79
74 289
5
74 60
77
117 107
31
67 286
5
134 47
54
153 60
65
218 189
9
28 294
2
129 117
78
146 286
72
220 235
54
127 7
50
280 286
30
173 123
77
252 187
38
197 251
43
241 294
73
134 168
51
199 297
34
180 55
46
221 56
13
243 74
79
129 238
32
215 241
4
297 51
81
261 128
47
151 256
62
118 79
51
150 297
10
236 71
86
263 174
95
175 61
7
20 187
84
139 138
96
6 252
90
92 292
39
83 243
18
36 131
73
210 18
8
160 197
85
242 7
67
173 136
1
66 10
85
136 254
66
263 295
93
139 259
26
1 29
69
276 5
97
106 82
19
166 133
86
284 125
36
210 139
85
22 88
36
11 195
6
30 208
67
219 144
39
38 69
49
48 262
10
175 74
73
142 126
90
45 193
29
251 69
85
196 133
74
237 134
51
75 72
84
283 21
46
140 201
72
107 24
97
258 193
35
115 144
64
189 93
22
147 96
73
193 212
65
119 34
43
210 152
41
85 157
85
290 266
81
87 203
3
40 91
69
64 219
97
149 34
45
66 265
77
85 278
94
156 158
99
183 32
75
100 34
31
86 99
1
191 152
58
17 265
77
75 206
10
61 271
23
176 258
86
121 93
38
267 147
6
179 263
43
198 276
81
65 161
78
299 99
51
156 50
55
128 217
40
288 206
21
293 284
29
100 155
19
232 274
31
177 109
8
89 225
80
47 228
17
80 176
69
0 153
3
148 51
93
225 271
60
137 158
68
21 212
2
255 150
87
218 231
12
70 104
56
61 284
12
264 118
97
65 174
38
239 61
38
51 10
85
104 102
11
62 105
70
67 220
23
287 223
69
72 298
37
125 161
79
273 59
81
157 113
8
233 108
83
49 287
39
252 121
6
269 290
100
21 225
3
150 110
11
241 228
57
134 102
88
39 242
81
185 67
45
83 285
9
102 298
68
83 56
24
284 46
79
275 226
19
93 249
74
127 62
72
60 72
71
247 164
85
266 177
6
99 0
1
252 242
83
44 64
9
95 295
61
76 16
88
62 118
78
194 8
34
298 65
33
284 167
59
14 77
30
201 169
81
247 285
37
99 121
80
90 72
43
131 73
99
166 296
83
243 250
23
231 196
33
210 73
40
143 83
98
108 62
88
159 293
45
140 14
91
252 255
70
16 244
25
57 16
43
217 5
2
263 121
38
208 185
91
249 186
32
216 9
93
221 124
19
69 255
40
196 296
83
251 3
77
214 84
96
170 14
54
230 65
93
175 129
43
106 29
85
152 145
17
45 19
53
105 70
5
64 32
89
110 148
16
66 78
18
167 130
38
286 81
79
71 193
82
217 247
30
277 261
83
203 83
9
202 87
100
207 202
35
155 12
14
152 266
4
50 255
69
210 207
51
17 78
12
91 27
88
77 92
1
8 258
1
135 33
59
66 199
96
167 22
51
84 253
15
271 79
96
147 272
8
100 197
47
274 84
27
265 35
15
168 102
85
121 27
75
126 105
5
38 258
35
277 274
18
299 33
84
68 100
1
183 87
64
133 266
31
207 215
69
45 153
95
246 143
13
191 207
67
251 258
63
204 146
91
223 159
7
116 33
54
80 110
69
126 226
22
198 102
89
98 164
3
271 92
46
216 156
40
213 87
66
58 213
74
278 216
55
116 154
99
121 269
77
192 149
68
271 213
1
54 215
88
155 267
41
287 157
95
125 95
61
281 113
12
148 227
87
93 291
91
220 103
42
165 167
9
299 167
16
51 65
96
137 105
94
16 44
31
202 234
100
255 97
17
34 98
88
53 111
92
213 100
51
56 116
34
157 168
78
47 296
33
19 234
39
5 299
16
280 275
23
132 111
1
62 52
10
20 55
34
111 173
24
231 238
7
83 111
5
102 124
4
243 63
97
248 178
15
0 113
33
192 283
57
159 106
23
136 122
82
122 187
70
241 175
56
139 127
37
125 229
86
144 242
39
240 179
32
6 12
68
56 129
72
231 130
83
50 55
58
124 4
65
248 299
61
294 186
38
104 291
61
197 253
15
90 127
97
2 243
79
117 230
66
164 76
54
249 120
92
180 286
36
270 179
35
113 232
40
44 132
12
38 58
7
263 176
88
268 254
21
20 189
2
180 178
88
194 76
59
166 243
88
73 15
79
92 65
46
298 133
50
41 248
38
201 237
78
261 251
49
127 22
3
228 74
64
44 253
27
145 76
50
112 128
85
84 66
49
48 143
31
15 195
99
194 197
36
268 146
14
276 7
47
212 251
48
22 90
24
297 66
91
256 28
63
173 259
64
198 23
44
101 90
49
142 128
62
235 90
34
207 28
58
293 31
25
64 208
24
298 146
94
163 187
6
84 79
60
189 95
83
22 103
55
168 157
59
42 18
93
214 273
14
107 147
99
280 75
96
189 216
2
207 270
8
100 144
17
105 259
60
204 201
38
278 150
8
75 87
24
190 37
39
121 203
80
181 217
43
286 270
64
148 40
40
184 259
96
43 283
77
211 96
5
1 286
9
31 165
66
177 219
84
144 42
73
149 157
19
264 107
86
61 44
86
102 45
95
107 160
9
167 211
23
137 268
8
137 39
56
68 168
59
109 206
21
169 220
91
255 260
94
58 160
15
89 227
65
264 228
41
47 1
16
280 209
32
285 287
40
250 37
11
95 163
93
40 227
75
155 214
60
100 278
41
141 279
46
260 230
34
199 220
100
144 55
35
176 273
52
0 276
50
132 166
56
206 115
78
261 51
69
159 40
29
104 104
23
197 295
31
252 2
50
21 106
33
117 43
44
139 61
67
273 61
50
185 177
72
60 182
83
30 10
33
62 228
80
141 292
76
48 64
99
139 182
6
199 233
4
144 297
84
273 182
2
166 56
16
157 236
47
23 7
37
229 112
93
275 228
39
261 64
38
206 128
36
2 69
30
48 185
28
153 238
10
125 176
13
9 230
88
83 179
58
289 18
78
201 171
26
113 287
18
104 238
49
112 62
32
131 75
21
291 64
61
222 193
75
120 182
96
87 5
5
166 298
11
6 80
28
108 64
58
242 293
87
242 64
8
25 295
84
184 59
60
98 19
56
222 85
15
194 252
8
142 62
45
87 126
8
224 131
21
292 6
33
108 185
15
27 260
91
75 8
87
11 23
60
219 201
97
38 126
70
186 24
64
57 139
52
10 27
75
216 132
80
276 183
51
87 18
57
288 8
6
251 126
15
196 190
10
270 139
52
22 266
4
163 13
59
228 142
37
66 80
9
272 185
45
189 150
41
290 202
29
73 204
94
265 145
33
198 91
49
137 81
21
82 145
82
101 158
10
255 73
92
58 202
29
177 153
31
237 204
30
204 27
51
75 142
17
214 220
86
181 43
33
10 161
29
285 100
78
67 143
65
141 92
74
246 145
22
292 261
40
58 94
9
144 97
18
218 46
98
264 162
22
116 35
94
126 228
76
32 41
21
82 158
14
271 94
48
68 223
61
202 223
70
259 205
86
190 105
84
264 54
36
93 172
18
98 287
46
280 264
42
206 49
98
274 220
95
287 159
66
218 59
36
171 213
60
9 151
97
162 164
92
0 102
24
32 54
63
63 158
1
159 95
10
49 223
48
178 108
16
118 57
49
172 64
50
125 218
11
199 167
72
144 231
41
92 41
12
116 169
35
148 121
70
220 226
55
60 8
64
187 49
97
51 188
96
104 51
36
136 3
48
166 111
49
240 60
84
56 239
88
192 285
78
118 70
76
117 111
50
7 239
96
81 188
32
208 0
6
37 118
90
78 119
26
83 234
40
143 248
32
99 178
49
233 178
4
200 1
67
117 232
45
76 194
67
120 237
39
87 60
29
273 250
36
205 52
100
105 114
21
124 127
28
243 78
21
196 3
72
187 183
20
99 299
26
233 299
98
214 20
23
2 137
34
258 63
63
222 140
11
208 242
98
48 253
78
120 129
62
106 194
1
188 4
35
207 17
93
293 20
2
91 71
81
41 250
29
242 240
43
149 12
39
44 255
64
200 243
64
85 27
64
126 28
14
186 79
17
15 197
79
193 203
60
205 65
91
55 269
5
297 68
53
179 12
39
230 243
2
82 79
99
15 89
95
271 15
23
54 17
92
221 194
73
114 31
100
12 20
39
210 264
58
223 203
38
94 89
12
295 79
21
195 141
50
140 205
68
107 28
87
126 41
65
203 261
64
1 275
72
276 251
65
288 76
15
18 215
33
147 100
3
141 26
54
45 89
38
191 143
89
89 95
99
77 41
21
195 262
27
47 98
1
195 33
96
186 213
36
179 25
38
198 267
53
272 253
75
82 92
71
142 143
54
21 82
99
207 272
49
174 95
87
260 98
31
31 275
39
213 23
43
163 202
52
130 254
14
278 152
58
80 167
87
162 206
64
295 92
37
267 259
81
184 261
97
280 198
73
65 44
15
10 108
54
266 34
45
244 275
76
63 200
10
109 87
77
47 111
43
179 267
48
151 168
84
109 208
39
183 157
97
54 272
33
136 45
74
255 33
7
260 111
2
28 219
74
61 167
21
231 53
65
162 219
76
0 157
45
19 170
17
275 96
79
13 96
74
225 275
7
285 289
64
123 227
6
95 165
83
241 219
69
260 232
56
172 119
5
199 222
1
102 289
53
229 101
84
74 227
78
234 216
63
46 165
17
132 168
10
35 6
55
227 176
15
56 294
99
111 1
63
157 117
53
148 297
26
201 160
45
132 289
99
206 238
62
266 289
44
164 12
9
217 104
80
236 117
73
7 294
20
296 168
22
208 284
49
259 286
8
92 109
98
229 114
58
270 115
24
215 179
10
289 128
51
275 230
23
220 294
46
44 297
45
90 184
32
291 174
31
57 7
8
236 238
27
59 53
48
97 79
60
110 18
40
8 7
32
25 176
12
44 189
95
85 190
94
214 75
57
159 176
26
186 13
66
208 297
86
48 79
96
189 18
10
276 172
51
147 21
95
45 10
71
243 254
20
91 126
63
201 294
92
154 182
22
121 5
48
200 298
45
186 134
31
76 262
97
291 187
32
103 136
8
230 177
100
189 139
100
249 190
59
235 26
8
207 193
36
265 134
24
108 187
77
24 193
10
43 206
32
84 15
66
170 18
11
115 82
67
263 246
96
101 147
21
271 70
90
106 262
31
246 13
68
177 142
42
223 29
14
295 134
85
140 260
73
170 139
70
299 24
55
54 193
83
202 91
43
207 206
76
251 249
75
17 82
22
281 91
34
257 148
5
100 201
74
265 268
45
232 91
75
292 142
6
223 271
75
75 144
11
295 147
52
195 209
73
181 274
34
52 160
97
38 262
44
198 214
46
98 276
30
299 37
29
285 102
30
183 91
57
54 206
44
202 104
76
274 209
85
67 145
89
232 212
42
91 273
92
70 150
10
61 101
45
102 102
88
52 281
63
181 166
65
19 104
49
179 93
77
299 158
6
211 274
16
147 289
75
296 89
9
153 40
45
70 42
17
281 225
72
165 50
12
211 166
16
252 167
42
197 231
57
257 282
36
114 233
67
282 46
79
213 212
10
177 289
96
218 61
4
74 282
85
234 271
82
0 104
80
60 118
55
275 43
62
280 158
89
192 274
68
285 236
61
159 97
72
81 177
28
67 279
67
134 40
39
153 53
55
264 298
96
138 159
20
262 225
86
160 177
97
294 177
27
27 62
42
127 0
61
159 218
40
85 3
24
95 233
81
2 5
87
236 172
39
7 120
4
222 8
69
34 223
77
208 110
29
48 121
42
268 124
12
111 177
56
97 242
76
157 293
54
28 179
93
148 244
92
96 54
100
206 185
71
192 287
90
118 72
56
16 61
79
2 126
21
277 65
12
222 129
26
153 295
88
227 244
81
249 3
89
92 285
96
18 70
82
207 6
24
251 49
96
270 62
96
146 292
72
187 293
36
261 242
94
113 115
4
25 2
78
296 236
59
103 70
24
222 21
88
139 252
66
161 11
66
106 75
83
92 177
24
133 178
13
4 64
85
270 183
67
275 298
58
99 72
52
85 137
19
186 189
57
217 293
44
272 0
10
57 75
94
208 244
39
15 78
11
1 143
31
59 121
82
284 239
44
210 24
79
22 202
32
242 242
62
261 255
38
66 16
55
200 245
69
184 237
3
15 199
52
235 202
55
202 25
63
205 67
53
298 258
85
251 183
4
272 242
13
198 27
12
161 145
64
193 97
42
191 24
58
163 191
98
77 151
64
130 14
3
283 256
49
176 130
17
214 156
25
85 271
49
15 212
53
276 253
94
202 38
52
114 154
25
177 210
45
89 97
35
278 33
14
121 86
8
88 138
41
107 151
45
181 100
65
52 215
85
170 207
63
109 197
95
288 199
58
255 22
32
246 202
23
232 267
67
89 218
88
47 221
71
88 259
34
126 285
52
74 95
49
179 148
97
24 274
53
239 162
99
65 46
31
137 151
24
211 100
80
238 203
42
100 269
46
174 218
40
241 208
31
227 44
26
287 95
45
190 162
23
295 215
68
47 113
78
198 282
48
271 272
94
49 159
94
171 41
44
157 106
91
247 36
38
68 293
61
16 103
58
90 52
4
141 283
59
134 95
61
7 54
7
153 108
81
180 211
75
287 108
34
218 237
83
129 165
28
289 117
90
160 3
67
146 105
67
261 55
18
151 183
19
219 58
73
136 60
8
296 49
72
227 178
93
185 181
66
245 232
4
190 296
31
229 224
56
148 299
33
113 278
67
272 42
33
76 130
61
122 246
96
20 235
92
268 71
83
240 238
31
207 61
19
23 240
12
226 111
16
50 114
97
160 245
64
32 245
80
159 286
42
140 7
49
76 251
72
117 60
14
277 12
34
161 66
15
235 15
44
9 234
57
224 122
63
229 237
61
270 9
76
127 189
33
25 178
74
272 55
81
2 194
22
117 181
91
170 7
30
122 259
95
221 238
91
4 240
44
212 189
22
298 192
55
105 63
11
55 205
66
182 246
29
127 81
47
99 248
13
131 200
69
76 264
11
24 74
35
38 9
53
43 87
85
82 15
39
142 66
100
18 259
59
133 246
65
207 195
86
36 84
71
177 23
88
108 189
90
237 74
8
297 125
20
182 138
96
295 15
91
66 192
55
11 256
49
272 297
24
38 130
51
79 131
62
186 28
20
147 265
87
174 139
5
293 90
74
256 208
20
204 18
72
130 69
38
225 77
86
189 154
57
230 192
68
128 144
33
292 23
78
281 93
84
267 195
76
170 262
79
299 147
60
216 149
19
202 214
96
155 139
37
86 39
90
158 144
84
70 31
39
130 82
37
211 155
63
68 106
9
54 208
49
95 209
85
238 29
3
7 96
67
26 109
92
213 201
35
232 214
6
89 165
65
264 166
52
61 103
20
19 106
27
280 147
68
35 50
82
150 37
10
169 279
84
241 155
22
111 45
26
116 160
59
281 227
82
129 99
4
51 179
100
137 219
28
238 271
13
104 42
89
155 273
28
62 45
7
227 112
25
273 228
82
116 281
38
102 117
75
74 284
27
14 4
98
41 107
83
160 58
100
146 160
61
5 184
68
13 45
81
151 238
31
44 112
38
118 61
82
35 292
14
236 53
10
39 182
19
199 171
2
125 222
36
185 236
75
28 289
38
44 4
30
123 297
17
250 109
54
263 48
60
208 112
68
53 238
74
92 166
46
97 244
77
138 53
70
83 117
29
182 59
10
27 185
28
247 225
72
25 112
57
214 11
27
236 295
43
134 284
46
153 297
93
133 59
100
78 123
96
279 113
48
143 252
66
124 10
95
256 129
6
201 230
28
173 131
42
44 246
48
217 174
45
76 198
83
24 8
80
291 123
69
203 10
67
244 11
47
230 113
61
142 0
59
221 293
59
59 231
75
18 193
74
6 139
6
97 257
97
205 56
26
96 298
25
3 70
41
219 139
100
38 64
36
131 255
73
84 180
68
203 131
14
216 70
45
224 190
68
209 67
23
200 247
22
167 70
20
216 191
95
276 242
54
119 29
48
31 145
68
55 273
75
3 83
44
214 266
37
66 139
94
286 142
36
131 268
61
24 142
23
10 207
61
87 198
56
147 212
52
274 24
16
293 37
91
265 204
16
213 14
85
163 193
63
283 258
62
61 145
51
126 274
18
234 73
76
49 27
52
202 40
53
155 194
89
86 94
75
58 261
63
237 263
75
149 150
78
190 151
10
135 215
22
214 279
49
162 89
56
126 166
24
46 143
27
165 94
44
285 159
47
188 263
19
255 24
37
67 202
19
232 40
5
144 156
2
278 156
42
129 33
46
24 276
95
63 204
30
285 51
60
123 218
64
238 205
71
202 282
13
250 30
82
109 91
71
241 210
10
141 43
15
72 172
72
125 35
58
281 282
87
148 167
73
253 220
29
206 108
10
178 46
89
123 110
39
164 111
13
26 177
41
273 283
41
144 169
19
259 156
20
218 118
31
9 210
69
42 158
4
248 226
30
46 277
48
247 267
13
247 38
67
178 167
83
16 105
1
90 54
96
7 285
79
139 175
2
199 226
46
157 229
94
124 52
53
284 41
86
143 65
64
0 282
45
243 3
71
160 234
45
220 285
78
159 275
30
118 237
17
44 59
54
250 164
53
150 226
27
134 218
26
34 51
41
120 54
51
4 108
75
129 288
63
41 175
80
256 63
9
154 52
41
90 296
71
29 57
34
122 19
85
139 188
82
268 73
37
110 130
52
270 119
17
99 237
27
173 186
15
25 59
88
57 240
95
203 65
48
277 14
88
175 232
95
120 296
80
15 14
37
235 17
67
6 194
98
92 234
22
193 20
86
110 251
4
110 22
58
182 127
47
187 242
69
145 245
18
167 4
28
186 17
85
117 183
23
103 248
24
222 199
71
10 20
9
106 253
43
4 242
45
298 194
95
265 17
38
55 207
45
22 259
52
297 235
50
108 299
91
209 122
75
154 186
92
38 11
81
184 294
53
230 181
20
1 92
14
64 148
38
191 189
60
281 82
4
11 258
71
167 246
27
52 259
25
140 143
15
93 31
13
156 87
72
216 138
8
1 213
83
18 153
14
274 79
71
67 15
62
246 17
33
91 143
72
297 248
23
204 20
56
176 187
77
80 213
72
264 34
29
195 200
15
167 138
29
258 256
70
65 90
86
170 143
12
115 207
80
290 208
81
274 200
19
174 262
2
141 85
73
86 149
38
177 38
66
204 141
30
209 256
25
167 259
50
189 277
50
82 151
58
68 216
86
147 280
11
21 141
52
100 205
25
141 206
3
260 157
2
12 92
28
218 160
95
165 41
58
49 95
63
257 273
81
40 275
88
67 149
92
158 267
89
232 216
34
218 52
43
42 92
49
116 41
68
234 262
80
211 278
65
233 37
73
68 229
43
169 52
53
241 157
100
26 232
8
134 31
59
260 170
10
39 171
18
83 214
67
231 112
55
229 39
95
181 291
11
146 270
18
294 168
23
151 119
3
137 221
87
233 158
2
252 171
10
145 45
70
95 224
4
62 47
39
48 112
4
125 103
83
39 63
8
240 53
29
284 96
96
14 6
1
234 275
66
41 109
25
294 289
21
266 227
86
44 114
27
16 281
70
252 63
1
169 294
25
117 104
66
263 158
96
34 106
28
199 173
82
78 112
91
9 278
16
143 12
78
96 166
6
129 114
18
229 52
43
14 127
87
8 53
46
206 297
1
2 238
73
76 187
32
29 112
74
134 165
26
249 115
59
120 1
87
199 294
52
6 128
21
166 117
28
4 55
100
205 45
96
242 112
63
173 241
63
90 243
71
150 294
10
291 233
29
258 56
68
15 69
30
268 249
8
106 187
32
6 249
90
205 166
98
105 228
97
50 63
10
118 197
19
66 7
25
167 59
35
222 254
61
203 12
30
87 66
96
73 131
61
288 56
49
97 259
70
279 236
64
191 123
24
50 184
73
36 249
3
196 238
80
3 72
53
215 251
53
8 187
47
27 200
50
168 139
13
85 141
88
200 128
78
272 233
1
179 5
16
38 66
2
115 249
75
189 198
51
100 126
67
174 75
73
105 241
35
210 257
29
256 144
55
130 5
58
195 134
68
33 72
48
203 254
58
115 141
26
109 67
60
59 246
81
188 131
19
174 196
49
77 34
55
256 265
49
80 39
65
281 29
84
170 198
65
244 147
80
271 250
45
142 136
41
271 21
96
255 13
45
77 155
69
42 134
1
283 260
31
171 19
56
121 198
79
88 21
52
93 99
51
24 265
77
98 214
16
239 153
53
46 24
94
142 257
96
1 281
71
290 155
79
125 24
5
149 152
97
264 102
20
281 42
49
0 29
67
19 42
100
60 43
13
271 263
46
137 34
16
128 214
4
155 88
25
130 260
39
37 32
86
264 223
60
129 35
32
148 48
59
46 266
80
178 156
46
21 209
75
81 223
69
34 148
83
70 101
37
42 268
2
245 102
6
190 166
28
135 230
30
284 30
82
88 155
7
281 284
16
206 110
17
76 0
95
296 269
79
81 115
63
125 158
92
70 222
64
226 210
2
162 225
25
248 228
35
196 38
36
132 53
3
49 284
65
71 43
16
269 287
2
7 287
20
249 49
12
254 164
94
144 292
92
259 279
50
23 231
92
171 166
67
50 105
82
74 233
95
60 298
55
25 48
12
90 177
10
150 228
72
57 0
96
291 167
63
2 64
39
29 167
85
136 64
68
235 6
55
97 72
6
298 62
26
127 180
72
297 103
8
261 180
72
94 3
96
228 3
43
117 172
75
277 124
28
222 188
35
208 290
18
106 242
12
166 293
40
18 129
30
207 65
30
124 296
61
270 121
93
160 249
31
173 188
51
71 177
23
249 183
98
254 298
80
276 57
31
106 134
27
133 237
25
221 121
97
18 21
98
119 73
46
75 3
97
145 247
42
186 248
41
57 134
85
189 24
70
101 140
63
271 63
57
73 78
53
133 129
47
191 70
15
94 137
25
195 189
13
140 253
10
126 89
9
57 255
26
174 22
68
91 253
22
17 75
43
110 266
72
3 140
53
77 89
78
22 153
64
295 19
70
11 260
75
214 94
21
33 19
30
52 261
14
126 210
44
98 148
15
299 138
24
189 266
61
271 76
48
161 204
74
276 191
48
119 207
40
12 81
13
265 261
58
130 73
45
295 140
22
121 253
18
258 258
8
65 92
12
280 17
73
10 156
26
211 146
29
290 210
20
109 135
6
128 148
50
147 161
84
174 264
61
81 36
85
293 215
60
12 202
66
91 266
65
130 194
48
89 156
93
94 271
75
116 30
65
176 81
21
281 97
32
267 199
12
19 97
28
225 202
43
10 277
28
63 140
46
238 141
91
68 218
94
257 154
66
40 156
65
114 105
6
26 221
28
100 207
63
67 30
20
70 264
16
111 36
63
162 38
18
93 167
65
206 44
15
197 224
66
183 97
24
95 213
33
7 100
79
241 38
58
20 39
63
177 282
73
295 274
5
229 149
58
201 87
36
160 49
66
32 278
92
44 103
71
285 229
68
192 38
53
63 153
74
141 221
21
172 288
6
125 213
63
70 277
92
83 216
41
231 114
57
0 218
35
247 95
58
192 159
92
178 224
86
197 237
52
238 275
68
81 291
29
208 103
92
172 180
98
111 170
86
23 57
48
215 227
80
275 278
17
294 291
37
13 278
33
233 52
72
178 116
20
2 119
68
136 119
87
120 111
42
254 111
54
39 186
34
111 291
42
138 165
75
243 181
54
124 1
58
96 168
15
219 238
56
2 11
58
84 50
1
282 294
73
194 181
11
139 245
66
78 235
50
157 299
56
105 109
97
298 9
10
251 163
87
36 9
40
242 114
65
154 230
28
113 229
53
140 66
12
71 232
62
90 245
1
217 286
15
57 68
69
131 17
93
43 133
59
258 58
97
277 71
93
29 6
27
276 112
57
92 291
6
235 74
13
293 15
31
50 294
15
124 243
66
96 181
46
182 184
60
297 171
56
75 58
11
149 7
87
108 6
7
168 20
39
44 250
63
85 22
54
2 253
32
184 1
26
84 63
71
276 233
74
59 235
26
251 176
7
237 241
98
297 292
28
140 79
40
43 146
17
290 252
1
106 202
13
188 12
67
64 205
62
3 195
77
297 184
21
295 74
40
121 187
46
271 131
89
161 259
6
276 246
90
54 133
76
59 248
2
67 72
13
100 20
93
77 265
42
135 206
57
61 28
58
267 133
53
19 31
33
24 146
69
285 150
23
128 203
24
114 39
62
241 80
18
191 259
97
213 18
92
130 20
45
283 262
85
176 136
91
47 214
91
198 154
56
165 206
95
46 26
81
98 216
60
192 80
29
82 208
100
101 221
96
7 34
40
153 88
4
232 152
44
70 90
84
83 29
71
28 93
6
281 273
1
234 198
19
198 275
71
65 160
4
225 149
83
137 265
83
151 163
72
239 47
92
128 216
48
269 155
88
114 281
6
21 90
61
12 270
85
34 29
32
39 107
30
259 147
39
278 160
58
190 276
1
281 165
80
160 104
29
266 271
39
247 29
44
178 158
32
95 160
26
7 276
44
155 211
52
236 99
81
208 37
61
139 166
84
39 228
46
166 40
87
185 53
44
190 168
96
284 32
59
234 211
67
294 225
56
201 34
69
25 37
59
266 163
52
137 278
28
197 292
29
95 281
46
81 117
42
34 271
97
153 222
61
254 274
25
273 287
77
139 58
15
157 112
95
102 176
27
14 63
15
60 179
4
90 287
89
217 99
6
291 48
50
208 279
54
282 228
98
134 101
8
249 51
43
64 5
60
69 120
89
108 48
7
127 61
69
118 241
67
25 50
47
233 228
2
30 128
84
16 230
88
2 295
66
150 230
48
203 56
1
268 185
91
4 112
92
78 61
15
152 10
75
243 128
50
36 64
74
289 244
64
108 169
8
196 53
74
256 67
52
242 169
2
132 297
20
94 5
64
25 171
18
173 298
98
219 185
72
291 61
32
277 126
17
106 244
2
276 167
30
18 131
61
78 182
22
23 246
47
124 69
69
55 198
24
96 236
38
297 226
94
108 61
27
127 74
18
267 54
46
167 116
66
71 179
68
24 67
35
29 182
53
106 136
14
6 198
88
92 238
90
105 177
58
50 241
74
17 64
7
297 118
99
85 198
73
184 177
97
84 239
76
43 201
94
103 252
40
189 255
65
59 182
48
207 80
83
64 260
69
182 252
100
3 21
10
214 204
2
126 91
7
225 70
33
244 83
68
257 22
23
133 252
58
155 11
7
191 193
75
265 142
7
110 268
8
58 78
15
163 131
24
168 209
67
283 196
88
267 188
40
286 201
95
253 24
47
198 88
16
280 127
87
79 137
45
299 140
54
86 32
66
158 137
74
177 150
73
195 204
26
179 196
54
202 99
74
70 145
86
295 263
81
157 33
85
162 148
8
281 99
40
167 263
10
234 24
65
170 268
9
211 269
69
266 205
8
183 207
30
150 30
86
241 148
19
134 22
90
89 279
59
56 102
39
264 280
33
135 166
82
162 269
71
281 220
51
129 92
71
0 207
35
299 274
95
247 84
42
266 97
45
238 264
100
21 266
33
169 164
95
155 266
24
241 40
93
226 146
14
102 110
35
129 213
13
294 51
48
266 218
22
44 105
23
250 210
11
35 56
81
169 285
7
227 226
36
287 277
54
185 229
44
259 215
1
245 280
63
23 167
30
97 116
79
157 167
1
231 116
52
275 159
45
27 57
17
113 97
22
123 290
51
71 100
4
250 102
37
296 218
25
227 118
64
53 231
47
254 221
46
199 285
69
166 108
52
111 172
98
231 237
63
13 280
100
16 285
31
219 119
88
164 183
45
131 6
50
48 237
75
106 178
75
18 65
76
91 55
71
215 121
71
27 70
29
154 111
28
217 167
32
2 242
45
222 245
8
230 106
59
194 183
59
50 175
42
251 165
66
196 229
91
36 11
63
256 243
77
256 14
11
283 117
43
140 68
16
16 298
62
186 184
31
57 70
34
249 240
27
142 114
83
290 12
51
106 191
45
174 66
36
205 170
83
224 183
53
124 245
19
143 258
29
8 299
57
286 243
63
43 256
14
258 181
6
115 132
92
15 194
97
189 81
69
298 253
84
31 138
62
17 240
44
168 143
91
176 4
96
52 197
72
186 197
74
131 261
89
184 124
48
43 148
84
10 200
68
244 138
10
249 253
12
290 25
1
207 256
14
100 130
20
45 194
83
177 84
70
77 146
2
126 267
69
198 143
26
98 205
75
43 269
57
244 259
60
271 133
76
128 84
14
287 77
75
237 256
75
94 207
56
135 208
8
281 262
97
47 95
4
0 20
52
49 141
68
260 95
79
86 208
49
265 210
27
232 262
54
171 23
15
148 39
90
179 143
100
253 92
4
65 270
57
65 41
71
32 93
63
63 197
7
285 273
8
156 159
67
257 211
95
35 98
94
250 23
31
109 84
54
67 87
87
287 90
70
102 44
92
74 211
83
132 152
60
150 206
31
70 213
9
218 111
48
171 265
61
204 213
37
56 49
96
171 36
56
190 278
63
28 216
53
46 270
21
165 221
100
280 208
20
151 286
98
13 93
91
32 106
33
159 147
53
250 265
49
236 101
43
48 50
68
213 154
86
199 219
85
144 283
47
92 93
50
111 106
63
185 55
85
245 106
57
143 58
73
220 278
90
118 1
30
71 155
51
92 214
16
37 278
26
226 214
79
185 176
96
245 227
24
212 50
100
83 165
59
124 166
77
55 66
16
113 273
8
46 283
75
25 160
57
13 106
2
208 281
21
20 230
30
6 66
43
37 170
99
4 222
44
212 171
77
108 50
2
242 50
88
99 230
50
178 294
9
71 168
19
16 232
66
2 297
46
291 171
7
296 286
76
143 192
93
129 294
9
237 56
40
22 131
2
8 233
63
99 122
62
140 123
53
219 187
35
291 292
26
186 10
59
222 192
86
120 181
12
106 246
72
147 18
76
224 238
78
64 20
95
17 174
98
210 74
78
256 190
7
214 193
14
140 15
91
85 79
42
126 80
14
286 69
46
186 131
73
131 195
58
117 297
1
87 125
66
73 190
57
18 254
93
251 233
66
91 15
81
168 198
62
283 185
93
295 10
27
214 85
60
33 10
23
258 128
56
101 144
31
1 206
13
106 259
10
100 185
75
67 8
95
265 252
49
246 10
25
292 126
55
209 128
4
214 206
85
267 69
48
98 260
36
10 147
74
285 86
45
271 188
72
128 139
2
174 26
98
31 206
13
292 18
27
176 72
82
126 214
29
253 255
6
167 252
72
65 204
94
239 91
39
285 207
34
142 195
89
202 209
37
150 19
44
54 82
11
255 72
76
246 252
70
153 24
54
265 265
91
163 254
54
89 268
53
70 26
70
130 77
100
135 155
4
80 219
9
107 93
38
198 211
56
63 252
84
63 23
7
104 24
33
68 101
20
183 88
20
54 203
55
128 152
58
287 145
15
232 209
97
199 32
91
162 150
91
192 258
5
285 220
1
104 145
5
296 86
76
153 37
22
226 27
24
148 107
22
146 263
89
146 34
91
13 148
42
151 112
65
269 104
66
155 268
39
81 53
76
134 145
59
34 207
28
213 209
93
254 210
74
20 43
71
125 96
73
171 212
92
83 99
34
284 89
41
41 102
93
294 282
86
160 53
46
46 217
87
250 212
37
2 110
33
222 113
24
134 266
1
282 164
3
34 99
16
287 279
17
268 0
72
23 169
55
27 59
95
104 279
39
117 218
71
282 285
16
208 107
20
273 236
92
37 225
46
270 167
79
108 105
71
187 169
40
13 282
93
173 5
31
71 223
93
90 236
60
203 113
21
222 126
95
249 0
77
290 1
37
235 65
30
92 282
83
138 169
35
124 234
17
187 290
52
261 239
48
214 127
50
11 64
34
30 77
67
286 3
57
43 16
68
263 285
81
15 183
66
120 236
9
276 224
71
1 19
22
4 290
67
78 239
35
45 62
64
279 0
11
265 65
9
251 167
26
110 191
83
36 13
32
215 244
44
297 54
62
168 132
51
283 119
6
200 121
64
112 8
21
203 126
3
175 293
4
249 242
40
92 295
33
221 180
49
207 245
23
274 6
79
174 68
13
105 234
32
292 60
74
22 199
56
163 175
27
66 13
22
286 245
8
286 16
86
198 132
22
43 258
20
65 17
59
170 70
48
115 134
23
230 121
51
175 185
28
130 119
28
98 86
78
225 127
92
183 130
27
73 258
73
274 248
2
100 132
78
265 199
22
149 253
67
278 138
64
140 204
4
126 269
76
24 258
2
43 271
16
1 274
78
49 22
30
161 263
66
269 25
27
155 189
68
100 253
10
246 78
45
31 153
19
190 146
71
176 248
59
135 210
51
0 22
30
19 35
64
211 205
94
290 269
92
54 258
53
269 146
79
73 271
7
223 215
81
135 102
92
281 156
90
14 41
25
0 143
65
93 105
67
123 213
62
183 264
57
257 213
46
90 36
17
255 140
6
227 41
27
72 167
31
245 95
56
61 274
46
146 89
13
285 167
17
197 283
21
123 105
48
95 272
60
153 213
92
282 98
98
172 226
92
120 36
64
53 46
54
83 154
76
231 52
41
162 218
71
129 41
14
74 105
64
13 95
56
151 288
89
136 165
23
39 232
61
199 221
98
218 234
10
37 159
26
56 172
93
42 274
63
157 224
57
294 229
82
187 103
38
192 218
79
252 232
34
134 213
95
254 278
38
180 100
92
124 168
11
196 44
90
96 106
57
132 288
60
233 111
44
282 232
65
115 55
40
180 221
100
125 285
89
147 7
75
152 122
41
97 186
61
64 9
13
50 111
70
96 227
95
289 127
19
209 104
40
272 160
77
277 238
91
84 109
28
263 111
86
34 288
18
175 227
45
122 135
72
64 130
35
105 168
95
193 15
58
210 184
82
196 286
13
36 68
72
163 109
18
182 122
48
242 173
44
154 289
34
99 124
17
71 291
96
200 176
34
131 76
21
84 230
6
175 119
84
221 235
76
188 58
84
207 71
83
105 289
77
45 9
42
292 115
76
237 179
72
297 230
60
66 297
26
186 133
55
184 289
100
277 251
98
10 136
84
128 128
25
288 117
12
155 2
1
64 143
46
31 195
87
58 69
29
292 7
73
108 186
4
182 135
33
223 136
14
168 200
91
121 125
90
281 77
61
272 294
51
167 12
39
19 77
14
234 2
31
98 141
9
84 243
36
189 259
14
64 264
97
279 189
39
17 189
14
177 141
50
237 192
79
223 257
25
75 130
79
135 144
3
295 133
97
47 31
55
33 133
18
181 31
16
165 23
68
225 74
88
156 203
71
285 88
98
68 90
29
147 154
28
18 269
39
158 20
47
58 82
89
144 85
54
259 72
82
0 77
68
79 141
42
280 131
30
65 206
15
299 144
43
285 209
44
82 146
95
109 249
58
274 87
32
141 201
20
67 252
83
265 267
61
56 93
22
264 271
52
79 262
12
238 26
10
21 257
42
40 270
21
21 28
52
62 29
6
255 195
100
67 144
60
232 211
9
180 21
25
144 98
66
130 200
100
171 201
86
201 80
6
146 144
91
46 206
96
241 152
70
260 165
85
213 90
66
39 166
94
180 142
91
273 104
75
116 157
11
215 99
67
113 88
96
187 37
98
27 48
19
192 152
14
90 104
82
35 168
1
134 147
59
153 160
75
20 45
93
218 289
72
166 99
23
116 278
70
113 209
75
275 42
72
261 107
37
146 157
99
13 271
29
46 219
25
178 109
28
117 99
30
277 51
55
122 177
78
227 230
95
240 169
28
152 56
84
96 161
53
275 163
1
187 50
66
104 281
37
57 169
89
282 287
90
124 115
74
284 104
67
143 128
83
22 67
4
57 61
46
217 50
62
222 128
56
134 281
98
166 233
74
50 287
88
124 236
67
210 10
26
110 72
65
297 164
24
261 241
43
283 0
64
167 54
82
38 169
28
112 118
62
2 246
60
103 298
49
115 123
24
249 123
13
193 191
33
100 0
45
205 53
26
138 292
98
17 231
34
163 56
46
237 5
39
61 8
69
200 123
54
286 126
34
131 252
72
258 293
91
291 241
87
103 190
57
101 80
100
290 16
55
265 188
49
124 249
41
232 11
86
3 188
19
108 241
15
182 190
40
209 293
25
135 78
49
66 244
48
33 67
25
24 18
25
244 21
84
285 22
94
109 62
52
235 201
33
188 126
1
174 191
55
26 27
17
177 196
35
77 258
62
204 70
25
94 198
57
80 34
44
281 24
4
52 201
88
253 191
73
165 78
92
280 65
62
170 193
94
1 155
44
155 70
82
174 83
11
12 250
56
126 271
44
165 199
71
65 261
35
299 199
5
244 263
78
10 96
57
142 252
75
49 24
28
1 276
7
101 214
6
128 88
32
269 27
10
31 155
52
213 132
39
58 258
34
292 196
50
278 261
64
130 134
56
171 135
80
253 204
95
151 156
28
109 196
72
296 22
93
227 151
5
213 253
30
144 153
65
42 142
11
181 220
25
201 135
8
247 22
89
266 35
36
269 40
37
95 153
41
7 40
53
199 210
22
262 266
57
93 228
98
187 92
14
151 169
77
35 223
29
114 287
64
134 202
98
282 100
24
172 228
96
287 215
18
180 89
67
264 231
49
229 210
17
46 274
39
222 170
22
141 282
57
134 94
39
83 277
2
50 100
100
243 0
61
14 177
59
215 167
19
41 280
49
261 54
58
247 156
73
99 221
27
90 172
91
203 49
49
194 229
86
9 220
97
212 54
46
298 57
82
64 119
67
143 183
75
55 299
71
14 298
73
247 277
98
118 126
40
186 1
4
203 170
83
277 119
88
115 57
84
73 60
12
23 239
91
243 242
9
27 129
31
25 285
70
76 250
65
117 288
36
103 124
41
194 242
47
188 168
86
6 191
53
100 55
97
174 4
87
105 170
77
50 234
13
210 186
46
27 250
26
38 116
18
244 184
94
1 197
32
276 173
23
59 175
25
119 189
58
163 3
24
94 132
86
33 122
8
267 60
90
131 199
19
98 251
83
299 12
45
115 191
4
230 178
44
82 14
63
73 194
51
86 133
32
191 186
66
77 84
14
218 23
24
149 189
15
94 253
88
168 202
1
43 207
4
156 84
7
142 186
57
1 210
18
54 73
9
293 89
51
213 66
21
158 130
42
232 79
10
264 31
72
80 210
53
51 152
28
257 28
99
21 17
4
155 246
39
177 264
22
149 202
54
264 152
59
262 79
6
146 133
87
197 98
85
269 203
69
257 149
29
95 87
80
155 138
91
114 100
49
158 143
47
204 259
90
223 272
43
245 31
91
162 262
6
253 151
79
220 203
56
187 26
21
63 256
94
82 269
66
90 93
18
150 144
66
81 44
6
208 85
77
240 37
10
185 101
65
23 39
50
190 216
76
229 144
42
47 167
26
32 273
69
211 275
30
159 85
66
285 224
73
164 163
49
217 26
97
287 270
64
39 168
1
37 95
1
9 262
4
262 213
6
162 275
83
270 37
25
201 203
54
160 165
71
280 267
32
187 39
29
30 55
10
145 42
51
90 106
88
263 34
2
268 112
89
273 227
81
231 230
9
248 170
53
200 99
11
236 281
84
277 53
14
226 273
36
124 225
19
110 61
49
261 230
56
206 294
25
85 4
62
291 109
86
277 174
92
222 238
48
282 289
82
15 174
100
115 112
7
34 224
88
139 240
77
87 50
57
207 115
57
78 1
83
99 60
44
57 292
84
272 217
78
2 127
88
29 230
73
1 131
14
276 107
36
92 286
56
108 230
96
127 243
9
94 66
33
154 117
7
207 128
29
100 2
65
210 133
74
110 195
78
237 236
24
77 18
21
209 174
36
228 187
52
214 252
7
140 74
80
267 115
68
281 13
32
258 295
13
225 118
72
290 247
23
290 18
6
40 72
91
100 123
17
31 252
53
17 125
84
77 139
25
22 203
98
149 244
49
190 16
64
85 259
64
52 82
51
267 7
90
258 187
74
246 298
83
86 80
52
58 18
20
144 21
35
88 126
28
267 128
24
126 152
84
114 263
95
114 34
99
89 206
18
168 270
19
264 207
40
121 195
38
142 254
18
238 191
40
271 139
14
255 131
9
172 96
86
144 263
72
278 263
58
42 252
17
162 88
94
248 91
56
234 193
83
294 207
88
10 219
38
178 32
68
68 160
70
136 35
91
287 204
42
130 257
66
56 42
1
248 212
80
16 91
17
296 145
50
199 212
73
13 207
78
261 43
26
46 155
29
266 158
57
159 32
38
2 48
61
273 282
89
254 40
37
125 155
97
56 284
4
143 172
16
196 35
96
261 164
30
159 153
57
233 102
83
90 282
57
57 105
35
48 285
18
249 46
96
39 236
79
240 226
13
166 48
53
138 215
50
251 92
93
201 271
21
108 43
44
113 158
37
159 274
30
233 223
82
120 282
38
139 295
33
78 285
38
279 46
48
193 6
97
50 223
7
69 236
16
17 46
79
129 287
85
94 0
56
30 244
24
184 159
99
43 183
42
277 121
43
208 287
76
221 226
18
147 11
31
105 280
56
17 167
44
297 221
51
43 75
21
258 0
20
194 244
26
288 108
60
235 16
70
279 288
42
119 70
51
91 237
10
17 59
28
22 137
65
75 0
72
94 13
45
38 118
77
79 119
32
189 250
8
101 137
5
188 291
8
128 11
39
133 126
11
265 245
93
36 193
78
3 16
42
135 135
88
162 9
95
52 137
20
286 75
12
184 293
55
285 79
33
82 16
64
290 194
89
133 247
53
251 239
11
158 11
95
292 11
60
116 14
94
137 73
28
68 202
43
216 137
2
257 138
8
246 245
30
3 258
95
218 146
73
177 145
10
278 197
100
77 207
99
204 19
76
171 71
16
292 132
66
135 148
93
162 251
15
28 22
49
162 22
94
151 92
97
225 78
23
271 194
96
109 132
50
183 81
14
21 19
33
114 210
23
260 264
7
144 89
33
204 140
84
157 28
58
253 261
97
220 84
61
46 197
83
165 148
86
10 274
83
285 213
44
49 202
74
197 100
52
35 38
68
202 215
29
155 140
90
26 218
43
153 30
38
116 148
41
157 149
37
0 202
46
93 164
14
146 27
3
197 221
60
250 84
77
296 200
22
7 97
29
122 47
99
37 205
93
243 44
100
69 157
17
14 221
78
146 148
10
151 226
86
51 288
15
118 49
96
35 280
24
76 52
95
296 92
47
175 31
6
139 108
98
273 108
28
226 262
20
157 162
93
55 114
36
201 205
21
13 154
99
159 208
92
120 216
7
254 216
77
39 291
13
106 52
86
273 229
87
111 167
20
23 283
11
97 3
10
124 106
68
14 234
45
215 224
13
96 44
81
8 160
36
132 226
36
173 227
13
16 280
30
35 293
73
277 55
39
161 109
95
6 235
39
23 175
16
50 49
76
36 114
66
289 294
65
110 63
72
297 155
59
44 234
7
30 299
93
38 160
86
203 227
21
175 165
83
194 178
55
268 127
53
221 281
12
87 52
82
147 66
86
4 54
95
105 106
74
251 160
40
210 122
3
22 71
56
182 60
73
168 125
96
66 114
27
11 178
84
184 106
41
194 299
85
216 58
63
106 186
39
166 237
94
73 9
68
45 176
13
22 192
22
297 168
31
168 246
4
80 133
32
33 58
42
198 125
25
235 192
88
147 79
87
207 130
35
45 297
79
78 245
46
224 299
16
293 133
74
191 122
82
17 235
58
210 135
22
58 7
25
237 9
32
278 10
93
283 125
33
140 76
23
181 77
69
126 141
82
24 130
24
184 119
83
43 143
5
249 248
44
290 249
82
1 146
1
216 71
13
207 251
53
114 23
37
105 240
21
204 182
67
223 195
28
75 68
50
190 18
18
121 184
99
126 262
10
234 61
19
239 139
51
225 241
8
244 254
5
1 267
41
128 79
78
31 146
16
287 72
28
292 187
54
237 251
49
278 252
19
89 87
11
61 25
87
0 15
29
253 195
55
93 206
10
146 69
34
46 131
95
225 133
46
63 71
94
49 136
11
141 139
54
34 13
63
287 193
96
72 39
30
232 28
67
130 246
63
37 18
97
149 259
5
135 95
65
162 198
62
74 85
44
179 138
42
244 267
54
51 101
92
82 205
27
211 90
43
141 260
12
260 211
11
53 147
66
58 262
21
278 265
15
74 206
53
19 270
53
0 28
100
44 34
55
49 149
51
172 219
100
139 42
48
259 144
41
56 273
83
245 209
55
218 106
88
42 146
9
148 276
61
129 34
25
300
30
4
68
6
10
7
55
9
83
16
14
19
30
36
14
62
93
68
24
101
25
116
99
121
34
125
40
126
71
142
30
143
64
146
96
153
97
173
45
175
84
183
25
189
95
213
36
231
90
233
34
245
6
259
30
261
59
282
56
294
75
