100 100
100
20 20
71
19 18
36
14 31
52
94 85
56
41 15
86
81 14
94
9 1
9
92 81
58
72 68
42
72 13
2
73 76
9
25 91
4
58 90
29
26 64
67
1 10
70
29 63
88
19 34
11
47 50
95
50 49
63
20 72
5
57 36
58
47 13
6
82 44
74
91 77
72
84 38
18
20 99
43
98 0
68
20 44
13
50 15
87
26 66
31
41 30
63
55 65
42
45 18
98
28 66
27
33 65
26
34 39
81
8 20
61
41 96
96
68 86
31
36 63
29
76 53
4
4 68
5
75 64
85
50 28
94
15 70
78
12 65
23
4 6
91
31 32
61
57 51
38
97 87
3
52 64
19
4 79
33
27 74
61
16 80
57
10 94
1
22 59
99
45 6
58
86 71
53
3 64
19
40 28
19
97 80
69
64 31
94
42 19
17
26 65
75
85 81
25
94 29
37
45 54
9
97 64
93
72 19
61
59 1
8
78 78
88
10 53
7
42 12
12
1 68
76
19 28
32
2 85
40
94 58
76
52 52
65
64 90
54
81 51
37
27 80
70
88 11
4
0 72
15
20 50
79
38 65
1
74 94
95
29 71
71
66 90
40
97 13
56
21 76
73
1 54
86
11 1
96
90 1
59
83 17
25
73 58
83
18 15
95
53 21
89
89 84
15
29 39
95
2 82
19
100
1
72
99
