100 100
1000
38 23
68
79 24
76
1 86
43
16 84
64
98 46
11
15 39
34
27 4
49
26 39
28
98 55
24
8 0
49
90 51
85
42 11
51
0 5
67
75 8
89
8 18
75
77 90
68
60 19
16
94 21
48
28 85
51
17 85
91
28 94
47
61 91
59
21 55
41
60 37
54
83 39
11
10 27
34
40 77
52
33 29
73
33 38
27
34 3
71
64 16
71
54 79
94
10 54
38
22 19
93
34 30
39
86 31
16
86 40
14
49 0
25
3 42
64
14 79
79
86 58
68
7 3
59
97 58
21
59 41
23
90 10
15
1 81
87
32 96
88
36 57
47
70 68
44
17 62
33
28 62
44
17 71
79
11 9
67
6 43
84
52 10
3
58 99
85
69 99
4
60 41
27
10 22
5
72 6
14
41 37
23
95 8
85
21 68
53
44 33
27
62 69
45
72 15
67
87 13
97
54 65
70
44 42
50
34 7
56
81 91
8
93 56
3
25 38
27
73 87
85
22 14
65
85 52
48
54 83
13
51 59
72
54 92
6
66 57
10
67 22
19
23 86
21
37 21
16
4 82
61
67 31
86
12 95
32
97 44
29
35 60
62
89 40
25
15 2
22
97 53
63
98 18
97
71 1
23
96 85
10
71 10
84
35 87
48
16 83
5
76 97
90
71 37
92
83 2
59
60 9
79
21 27
53
5 73
83
29 40
88
21 36
41
58 85
88
6 47
78
21 45
67
42 77
19
41 23
79
27 88
77
44 19
100
19 84
85
81 77
20
19 93
28
33 37
15
45 2
77
11 98
38
10 44
71
74 47
44
31 76
16
3 5
31
14 5
35
51 54
40
23 72
61
20 85
84
93 69
19
2 40
64
24 46
99
59 13
29
95 97
15
96 62
79
1 53
100
66 70
61
55 33
90
36 29
44
55 42
78
98 22
14
76 83
69
59 49
75
55 60
29
46 79
66
88 94
42
63 19
11
6 15
82
38 93
35
5 77
50
81 54
63
69 98
70
80 98
22
27 92
67
30 88
72
2 17
31
93 37
9
0 84
35
73 68
84
42 99
3
19 97
44
62 68
32
30 97
76
74 42
96
2 35
96
43 36
57
67 3
96
93 55
69
22 13
78
13 32
33
67 12
64
35 41
82
59 8
18
4 72
17
96 57
77
55 19
54
86 34
18
16 55
27
90 4
17
79 4
76
46 74
25
36 51
32
48 16
83
57 83
61
9 43
48
77 61
84
17 56
79
6 19
83
94 1
31
62 27
93
92 77
49
42 58
67
33 0
3
80 84
72
81 49
42
33 9
78
10 7
70
8 74
56
73 54
10
85 19
96
0 70
99
93 32
54
10 25
54
11 79
70
11 88
44
12 53
28
74 37
30
85 46
1
43 40
96
95 78
70
24 36
84
84 87
66
95 96
26
28 6
26
16 50
54
34 95
41
79 8
88
65 73
62
71 4
54
16 68
42
92 36
33
3 98
60
65 91
35
49 74
19
38 74
43
48 20
5
57 87
95
49 83
65
61 48
28
69 61
9
29 25
70
7 86
20
18 95
40
61 75
41
73 40
79
91 76
39
42 71
2
54 36
55
31 43
37
51 21
43
8 87
98
66 19
2
60 97
59
86 6
60
84 73
68
64 67
21
89 11
8
87 78
73
56 72
41
99 52
100
99 61
47
9 6
71
70 25
49
99 70
19
14 84
30
76 77
52
38 60
33
99 79
19
15 67
34
5 44
96
29 11
88
26 76
97
58 56
3
6 18
92
90 88
40
80 65
93
30 55
90
39 33
98
11 51
35
93 13
42
27 77
34
85 9
70
23 25
5
39 51
81
85 18
12
8 82
91
13 8
57
41 88
65
24 17
26
1 15
29
97 10
2
35 44
11
88 47
51
25 98
6
2 96
12
57 41
3
64 80
58
47 27
50
38 46
92
45 94
70
68 59
76
57 59
70
65 72
53
17 23
89
88 65
66
76 72
97
37 81
86
49 64
88
26 62
59
9 28
92
77 46
6
18 67
6
81 16
16
26 80
98
50 47
37
7 76
95
20 15
19
73 30
93
18 94
45
20 24
45
0 55
9
30 77
35
60 78
51
94 98
3
24 21
92
33 88
51
72 70
100
43 34
80
64 66
14
1 28
86
87 77
42
47 4
83
56 71
88
28 0
61
3 74
38
80 19
80
76 67
85
26 48
21
78 86
35
5 25
59
3 83
64
50 33
36
58 46
36
27 40
45
98 91
76
20 1
1
79 87
60
0 32
29
27 58
68
11 41
45
20 19
10
63 88
19
75 53
26
48 99
1
94 66
7
11 50
81
52 60
43
83 75
57
4 20
76
94 75
21
53 43
97
33 74
27
95 67
62
96 32
69
99 28
49
55 3
12
68 22
29
22 55
5
88 37
75
37 53
50
65 35
79
16 30
49
10 99
42
37 71
40
61 10
34
18 48
99
69 32
26
8 22
98
79 73
95
82 69
62
17 98
97
73 11
60
8 40
86
30 40
31
0 36
77
12 1
68
20 14
12
6 79
45
95 35
35
4 15
90
87 31
100
1 0
22
24 2
32
65 12
49
79 34
10
44 87
33
74 88
95
2 81
39
10 94
24
37 57
93
15 38
54
77 22
82
58 18
92
49 49
55
7 43
50
36 88
100
47 97
83
5 91
43
27 39
87
31 0
77
83 38
66
11 31
54
30 44
32
6 74
98
82 91
23
94 56
20
84 21
94
6 83
69
60 63
96
95 30
66
29 94
83
60 72
77
88 0
55
44 64
71
56 29
22
52 77
56
87 44
58
45 29
40
44 73
36
22 36
82
10 80
82
2 76
10
37 43
61
14 50
52
67 53
24
15 15
45
51 99
30
37 61
10
78 62
68
38 26
1
59 67
6
16 96
94
91 10
4
80 22
38
98 58
27
91 19
21
98 67
90
19 12
11
30 12
69
42 23
15
9 75
62
75 20
3
30 30
38
83 33
67
63 64
82
60 49
47
84 16
64
60 58
49
29 89
57
75 56
49
95 34
27
93 64
9
2 53
97
31 98
46
37 29
99
10 75
71
85 78
87
88 13
22
86 52
2
67 48
19
68 25
91
18 6
28
32 90
78
15 19
93
66 92
30
26 28
67
97 79
36
71 27
89
42 0
2
27 11
43
63 32
95
36 78
60
59 80
70
91 14
4
48 43
61
91 23
78
9 70
4
77 97
28
9 88
96
95 2
81
40 66
2
29 66
68
87 7
25
4 0
73
81 85
96
41 58
25
25 50
92
51 62
41
88 8
39
10 70
97
51 71
35
97 38
46
66 60
38
14 31
99
2 75
45
4 94
43
15 5
21
57 20
29
86 56
18
89 52
84
78 52
20
1 79
35
51 98
4
59 48
46
55 59
39
89 61
9
7 10
95
47 55
1
99 93
52
15 32
66
17 51
80
91 0
91
16 77
67
48 29
5
27 6
60
28 60
1
82 49
88
83 14
41
60 12
31
0 7
58
63 45
50
82 58
98
83 23
89
58 88
40
0 16
18
33 13
19
5 94
3
75 28
79
33 22
95
53 0
8
25 18
20
10 29
69
87 2
12
25 27
59
72 22
27
34 5
39
25 36
37
73 85
8
51 57
73
32 62
18
67 29
22
12 93
37
74 77
65
67 38
63
38 2
50
13 67
61
59 34
100
3 44
62
49 11
72
70 43
73
71 8
73
96 92
80
90 21
12
13 85
35
7 5
50
82 8
52
99 97
35
46 91
96
63 31
67
29 38
65
77 87
42
40 47
86
29 47
99
75 14
20
6 54
71
80 92
61
41 21
9
61 97
45
19 91
58
62 80
52
42 91
2
51 43
76
2 38
51
39 87
1
23 79
53
66 59
3
68 1
96
86 37
76
51 79
97
26 4
32
67 42
57
98 20
98
55 49
26
59 47
46
47 45
100
16 76
63
96 96
34
79 25
2
88 92
41
36 54
5
16 85
77
90 34
74
35 89
96
36 63
71
71 30
89
48 28
40
70 56
99
29 24
28
63 26
15
48 37
73
82 39
27
61 65
10
69 78
82
58 78
81
6 40
55
61 74
39
9 73
13
58 87
45
80 96
88
19 77
79
31 60
29
23 65
76
93 62
8
3 7
39
39 91
16
12 74
87
97 23
7
35 39
33
67 19
54
51 65
71
96 64
100
67 37
64
79 2
10
35 66
54
1 64
65
90 2
93
34 98
44
24 66
63
48 14
26
40 10
21
47 58
82
6 17
32
92 57
76
80 55
13
58 64
49
77 77
46
94 8
85
50 69
37
18 98
18
81 47
58
58 91
85
80 91
55
25 3
52
27 85
69
20 46
86
73 61
82
81 74
67
11 86
92
84 67
11
12 60
1
74 44
66
31 73
81
20 73
95
86 9
33
12 69
48
85 53
8
74 53
91
66 49
60
43 38
72
4 65
98
13 43
20
47 8
34
72 92
18
67 23
71
53 88
54
87 90
64
67 32
13
24 61
61
88 64
72
35 61
96
64 97
46
5 20
88
17 22
100
90 15
35
76 80
29
99 82
43
3 96
9
58 41
16
76 89
92
38 72
39
5 47
44
92 52
68
49 81
100
46 94
56
90 25
77
77 72
20
21 19
63
50 73
93
44 2
58
10 9
29
11 63
37
31 41
83
2 5
18
51 19
96
85 21
40
25 16
94
27 98
2
0 81
53
23 46
95
20 59
3
85 39
57
31 68
59
95 71
59
96 36
33
78 0
80
32 33
15
96 45
82
70 5
84
47 3
45
64 83
49
88 50
95
1 45
96
16 43
10
28 8
25
24 56
59
59 23
92
65 57
18
76 57
96
17 8
75
22 86
65
77 31
81
65 84
70
48 13
72
15 65
23
49 76
59
21 5
75
57 89
88
58 54
46
61 41
52
26 74
41
61 50
50
50 50
41
38 94
60
61 68
5
50 77
88
42 73
84
31 36
46
25 2
80
94 83
34
23 41
34
8 89
55
94 92
33
43 19
54
32 19
34
74 34
50
66 21
83
31 63
2
75 97
31
23 59
100
86 8
87
43 37
75
4 55
90
1 31
26
59 0
34
1 40
23
53 78
13
59 9
84
5 1
15
87 89
28
46 48
76
68 57
16
17 30
59
61 27
71
50 36
94
46 84
74
49 80
3
18 74
94
15 87
93
79 90
40
49 89
81
80 67
42
81 32
83
82 86
22
71 95
3
83 60
94
91 73
34
12 18
38
31 31
39
94 69
72
85 11
3
95 43
38
75 74
27
4 32
41
32 23
37
96 35
60
88 31
14
33 95
41
10 93
65
72 86
17
46 34
12
92 10
54
14 72
30
3 72
30
5 14
23
3 90
76
89 93
96
77 39
25
38 57
50
69 35
53
58 35
59
59 98
86
38 75
93
26 73
78
39 3
54
80 53
41
7 69
51
81 18
38
79 85
45
90 85
6
71 81
64
71 90
5
82 90
51
27 65
95
63 86
95
60 62
9
83 64
99
0 57
92
60 71
40
43 0
56
87 34
57
32 9
79
96 12
28
4 27
10
52 76
98
13 5
90
41 85
36
24 14
100
88 17
91
44 81
4
45 46
78
52 94
91
35 23
4
1 30
83
37 51
97
33 99
15
45 64
99
25 86
9
53 77
1
76 42
60
65 42
69
68 38
60
57 38
50
37 69
10
28 2
6
5 0
69
57 47
13
46 47
81
3 76
93
9 7
39
15 41
98
80 21
26
9 16
20
14 94
49
42 13
79
27 24
45
67 97
74
19 29
36
81 13
88
8 38
7
19 38
62
27 51
77
91 63
8
71 94
10
20 21
6
95 24
25
29 88
99
39 34
12
52 62
95
21 93
66
72 40
85
43 4
36
12 35
63
41 71
71
75 82
82
1 7
59
41 89
36
24 18
88
1 16
50
10 83
90
72 67
47
57 15
73
33 94
66
22 57
21
47 1
98
99 39
8
46 33
21
45 77
42
76 55
34
49 38
98
26 36
57
97 87
25
57 51
66
79 48
96
98 61
87
61 21
9
70 88
89
69 34
35
59 88
90
59 97
88
30 24
76
19 24
58
94 45
97
91 58
45
21 70
5
95 19
82
75 50
21
21 79
45
29 92
87
75 59
62
64 22
91
33 53
18
60 79
85
1 2
99
87 42
34
99 7
34
33 71
51
65 5
68
16 9
4
65 23
18
10 87
33
3 57
60
67 60
56
68 37
64
57 37
91
69 2
15
70 65
58
80 20
41
8 1
56
26 49
62
27 14
25
70 83
82
71 48
92
36 90
24
27 32
29
17 86
14
71 66
60
94 31
29
28 95
3
91 44
14
30 28
14
75 27
36
54 4
79
83 40
1
0 33
67
63 71
5
39 15
96
75 36
60
63 80
94
29 78
16
31 20
75
10 46
53
41 61
84
25 44
44
34 22
41
52 70
1
88 2
43
99 2
5
96 15
66
56 31
91
25 62
78
10 73
92
46 5
95
53 53
45
65 18
55
66 72
98
56 49
3
68 23
6
26 17
97
24 84
40
55 62
37
16 89
74
89 73
53
26 35
45
80 15
33
78 82
76
98 60
56
42 7
13
59 78
51
42 16
89
27 27
19
63 48
68
79 65
27
17 90
4
41 29
48
94 44
42
52 38
27
12 2
51
64 3
90
60 60
46
33 43
73
10 41
90
73 79
9
25 39
72
45 17
55
1 1
22
44 70
83
45 35
27
93 84
71
65 22
14
26 3
28
97 54
38
70 46
73
43 92
78
100
10
1
31
16
72
17
98
31
82
44
69
47
4
58
50
67
12
87
97
96
77
