100 100
10000
13 88
62
71 29
26
16 93
71
90 42
13
29 32
4
48 45
99
92 88
100
6 48
24
9 90
33
50 91
49
83 39
91
41 42
14
25 34
74
44 47
79
85 48
70
2 50
23
59 32
11
4 96
96
78 45
39
97 58
28
36 48
63
55 61
100
96 99
12
30 4
98
71 42
41
29 45
24
48 58
66
6 61
14
64 2
82
22 5
87
25 47
100
66 48
64
85 61
23
98 0
80
43 64
43
15 2
45
1 67
40
59 45
36
18 7
10
78 58
56
17 48
19
36 61
67
94 2
23
11 4
66
52 5
14
10 8
12
54 51
77
73 64
67
45 2
86
31 67
23
64 15
27
3 5
2
22 18
32
66 61
43
79 0
15
24 64
77
98 13
14
43 77
73
82 5
63
1 80
68
40 8
31
17 61
53
58 62
34
77 75
10
75 2
66
94 15
7
61 67
21
80 80
92
33 5
56
52 18
76
93 19
3
10 21
100
54 64
93
73 77
24
67 3
23
12 67
39
86 16
87
31 80
69
70 8
70
3 18
50
89 21
49
47 24
32
88 62
19
79 13
70
5 27
53
65 78
96
63 5
49
82 18
82
68 83
78
21 8
46
40 21
97
26 86
1
58 75
43
42 67
18
61 80
62
80 93
19
33 18
86
74 19
74
19 83
37
93 32
33
0 70
49
32 22
84
51 35
66
35 27
37
95 78
49
67 16
97
12 80
28
53 81
72
86 29
49
72 94
29
70 21
45
89 34
56
56 86
79
9 11
66
28 24
9
88 75
31
47 37
77
46 78
56
5 40
53
65 91
91
63 18
30
49 83
30
68 96
85
21 21
47
62 22
82
7 86
68
81 35
64
26 99
59
39 38
95
42 80
31
83 81
92
0 83
71
74 32
18
19 96
35
60 97
31
13 22
35
32 35
84
51 48
43
16 27
94
35 40
15
95 91
33
34 81
40
53 94
11
92 22
83
37 86
58
56 99
72
9 24
85
28 37
51
69 38
9
27 41
22
30 46
60
90 97
2
62 35
26
7 99
15
81 48
24
20 38
70
39 51
6
4 30
68
23 43
41
83 94
99
96 33
74
41 97
18
25 89
50
99 38
20
13 35
64
16 40
80
57 41
10
76 54
78
34 94
54
92 35
39
37 99
13
50 38
62
69 51
86
8 41
8
27 54
9
11 46
86
30 59
89
71 97
85
84 36
51
87 41
68
20 51
15
4 43
74
23 56
97
64 57
82
96 46
94
22 60
53
55 8
20
99 51
82
38 41
30
57 54
50
76 67
20
15 57
44
18 62
25
31 1
77
50 51
24
91 52
74
8 54
38
94 57
1
11 59
56
52 60
66
85 8
4
84 49
26
43 11
85
1 14
20
87 54
89
45 57
60
64 70
82
3 60
93
77 9
37
22 73
29
61 1
51
80 14
36
38 54
77
79 55
20
98 68
30
82 60
25
15 70
15
73 11
91
18 75
15
12 1
58
31 14
16
91 65
28
75 57
94
94 70
75
33 60
58
52 73
67
24 11
9
65 12
21
10 76
91
68 17
24
45 70
98
86 71
67
58 9
83
3 73
92
89 76
94
77 22
65
42 1
3
61 14
82
80 27
90
47 79
52
0 4
26
19 17
75
79 68
48
98 81
70
63 60
99
82 73
95
21 63
32
95 12
20
40 76
60
54 11
71
12 14
81
53 15
33
72 28
6
75 70
79
88 9
91
33 73
43
74 74
88
93 87
92
46 12
62
65 25
53
10 89
14
51 90
40
49 17
31
68 30
75
7 20
64
67 71
66
26 33
73
86 84
73
70 76
58
89 89
24
42 14
50
83 15
61
28 79
24
47 92
92
0 17
21
19 30
7
60 31
57
5 95
63
63 73
61
21 76
59
95 25
13
40 89
59
81 90
57
34 15
18
53 28
92
39 93
77
72 41
23
37 20
80
56 33
78
14 36
96
74 87
61
13 77
52
46 25
42
32 90
24
49 30
18
90 31
66
16 82
62
35 95
28
7 33
57
67 84
62
26 46
82
70 89
91
9 79
64
83 28
100
28 92
81
69 93
16
41 31
93
60 44
44
25 23
84
44 36
45
2 39
28
62 90
77
34 28
79
20 93
91
37 33
30
78 34
51
23 98
20
97 47
47
14 49
55
55 50
75
96 88
18
13 90
10
99 93
13
71 31
19
16 95
93
90 44
31
29 34
74
48 47
83
6 50
75
92 90
40
9 92
41
50 93
59
41 44
100
8 96
86
25 36
95
44 49
80
85 50
83
2 52
62
76 1
10
59 34
94
4 98
68
78 47
12
97 60
51
36 50
64
55 63
61
27 1
62
30 6
33
38 96
95
71 44
96
29 47
94
6 63
88
64 4
41
22 7
95
66 50
24
85 63
4
57 1
95
98 2
29
24 53
47
43 66
4
15 4
64
1 69
91
18 9
93
59 47
78
17 50
78
36 63
67
77 64
40
94 4
58
80 69
87
52 7
41
10 10
73
87 1
100
54 53
71
73 66
7
45 4
45
86 5
77
31 69
32
3 7
63
89 10
5
22 20
76
66 63
32
79 2
42
24 66
40
98 15
81
43 79
38
82 7
45
1 82
76
40 10
64
58 64
73
77 77
27
75 4
19
61 69
74
80 82
25
33 7
81
52 20
46
93 21
51
19 72
81
10 23
9
51 24
35
54 66
26
67 5
84
12 69
38
86 18
26
31 82
33
72 83
20
70 10
32
89 23
27
28 13
58
47 26
77
88 64
40
79 15
32
46 67
98
65 80
60
5 29
76
63 7
96
82 20
22
49 72
69
68 85
71
21 10
73
40 23
55
81 24
18
26 88
59
58 77
15
42 69
58
61 82
19
0 72
59
74 21
81
19 85
44
93 34
41
32 24
61
51 37
37
35 29
42
95 80
97
67 18
45
12 82
8
53 83
7
72 96
82
70 23
55
56 88
12
9 13
80
28 26
45
47 39
9
14 91
36
88 77
76
46 80
51
5 42
99
65 93
41
49 85
78
68 98
10
21 23
83
62 24
41
7 88
12
81 37
9
20 27
20
39 40
39
23 32
16
83 83
95
0 85
2
41 86
20
74 34
88
60 99
40
13 24
80
32 37
49
44 91
89
16 29
40
35 42
92
76 43
54
34 83
50
53 96
80
92 24
65
37 88
50
9 26
11
50 27
48
69 40
61
27 43
88
30 48
62
71 86
8
90 99
13
62 37
78
20 40
72
39 53
30
4 32
89
23 45
6
83 96
68
96 35
97
41 99
90
13 37
58
99 40
66
25 91
69
16 42
91
57 43
30
76 56
25
15 46
25
34 96
71
92 37
78
18 51
56
50 40
3
69 53
73
8 43
13
27 56
95
11 48
44
30 61
83
71 99
30
84 38
49
43 0
50
87 43
28
1 3
16
4 45
78
45 46
30
64 59
57
96 48
23
22 62
7
99 53
9
38 43
22
57 56
39
98 57
72
15 59
68
73 0
79
18 64
75
31 3
9
91 54
36
75 46
24
8 56
14
94 59
13
11 61
22
52 62
55
24 0
30
43 13
93
10 65
59
84 51
1
1 16
77
87 56
92
45 59
7
64 72
1
3 62
67
77 11
68
22 75
58
61 3
12
80 16
98
38 56
41
79 57
66
98 70
31
82 62
5
54 0
93
73 13
18
40 65
23
12 3
58
31 16
40
91 67
59
75 59
10
94 72
19
33 62
2
52 75
30
93 76
78
46 1
30
65 14
62
10 78
38
49 6
84
68 19
24
26 22
95
67 60
96
86 73
72
58 11
15
3 75
76
89 78
35
70 65
63
42 3
64
61 16
78
47 81
85
0 6
16
19 19
79
79 70
47
63 62
23
82 75
53
21 65
38
95 14
24
40 78
69
12 16
79
53 17
62
72 30
3
56 22
40
88 11
23
33 75
72
74 76
9
93 89
44
46 14
83
65 27
12
32 79
32
51 92
25
49 19
100
68 32
27
35 84
50
7 22
58
26 35
35
67 73
8
86 86
69
70 78
37
89 91
87
42 16
39
9 68
45
28 81
19
83 17
98
47 94
18
0 19
58
60 33
88
5 97
96
63 75
52
21 78
25
62 79
68
95 27
89
81 92
83
34 17
12
53 30
64
39 95
38
37 22
55
56 35
74
14 38
61
74 89
14
13 79
55
32 92
65
71 20
72
16 84
67
90 33
83
35 97
21
7 35
24
48 36
29
92 79
93
9 81
83
83 30
96
28 94
89
69 95
89
41 33
50
60 46
91
25 25
28
44 38
50
2 41
85
62 92
30
34 30
58
20 95
87
4 87
96
37 35
15
78 36
92
97 49
11
14 51
17
55 52
10
96 90
45
13 92
25
99 95
31
71 33
63
16 97
13
90 46
42
57 98
45
29 36
77
48 49
56
6 52
11
92 92
81
50 95
45
8 98
9
25 38
76
44 51
7
85 52
49
2 54
87
43 55
30
84 93
11
76 3
52
87 98
26
59 36
82
78 49
16
17 39
15
36 52
44
55 65
64
38 98
67
29 49
75
73 55
16
6 65
75
64 6
21
22 9
75
66 52
46
85 65
67
24 55
73
98 4
14
43 68
17
15 6
81
1 71
4
59 49
69
18 11
91
17 52
50
91 1
10
36 65
84
77 66
53
94 6
82
80 71
54
52 9
32
10 12
36
54 55
54
73 68
34
12 58
96
86 7
83
45 6
42
31 71
72
3 9
13
89 12
50
47 15
68
79 4
20
24 68
75
65 69
51
98 17
21
82 9
68
68 74
69
1 84
100
40 12
80
58 66
57
77 79
65
42 58
69
75 6
50
61 71
97
80 84
72
33 9
70
74 10
29
19 74
33
93 23
13
10 25
28
51 26
78
54 68
83
95 69
55
67 7
83
12 71
16
86 20
15
31 84
81
72 85
33
70 12
83
89 25
86
28 15
41
88 66
12
47 28
38
5 31
76
46 69
18
65 82
91
63 9
91
49 74
39
68 87
27
21 12
87
7 77
27
40 25
81
26 90
43
81 26
55
39 29
27
58 79
54
42 71
77
61 84
47
0 74
84
74 23
62
19 87
23
60 88
45
93 36
80
13 13
36
32 26
37
51 39
65
16 18
67
35 31
73
95 82
36
34 72
63
67 20
30
53 85
90
72 98
45
37 77
54
70 25
98
56 90
31
9 15
76
28 28
100
69 29
22
14 93
46
46 82
87
5 44
98
49 87
41
90 88
52
62 26
25
7 90
10
81 39
15
20 29
95
39 42
83
23 34
2
83 85
89
96 24
94
41 88
9
0 87
64
13 26
62
99 29
88
44 93
47
32 39
5
16 31
97
35 44
99
2 96
51
76 45
89
34 85
45
53 98
99
92 26
31
37 90
87
9 28
97
50 29
82
69 42
87
8 32
61
27 45
69
11 37
2
30 50
86
71 88
41
29 91
88
62 39
60
20 42
47
4 34
76
23 47
3
64 48
80
83 98
69
96 37
61
25 93
62
99 42
82
38 32
73
57 45
47
76 58
11
15 48
24
59 91
86
18 53
91
92 39
90
50 42
79
91 43
26
8 45
65
94 48
19
27 58
58
11 50
45
30 63
68
84 40
40
43 2
95
1 5
25
87 45
71
4 47
94
45 48
71
64 61
22
3 51
45
77 0
60
22 64
13
80 5
26
38 45
39
57 58
31
98 59
2
15 61
69
73 2
38
18 66
66
31 5
74
91 56
18
75 48
17
94 61
54
33 51
1
52 64
80
24 2
62
84 53
24
10 67
41
87 58
20
1 18
59
45 61
32
86 62
26
58 0
46
3 64
59
77 13
31
22 77
23
89 67
16
61 5
77
80 18
100
19 8
55
79 59
76
98 72
100
63 51
10
82 64
77
54 2
52
95 3
62
40 67
5
12 5
61
31 18
18
72 19
60
75 61
97
88 0
9
33 64
77
52 77
24
93 78
61
46 3
64
65 16
5
10 80
57
49 8
93
68 21
61
67 62
16
26 24
29
86 75
90
58 13
54
70 67
97
89 80
14
42 5
78
61 18
60
28 70
51
47 83
50
0 8
63
19 21
58
79 72
86
5 86
4
63 64
63
82 77
51
21 67
42
95 16
10
40 80
64
81 81
11
53 19
37
72 32
33
56 24
13
14 27
7
88 13
7
74 78
8
93 91
32
46 16
56
32 81
42
51 94
71
49 21
41
35 86
87
68 34
64
7 24
79
67 75
59
26 37
14
70 80
13
9 70
56
83 19
42
28 83
1
47 96
21
0 21
63
41 22
49
60 35
13
5 99
51
44 27
34
21 80
61
62 81
37
81 94
62
34 19
15
53 32
25
20 84
84
39 97
42
37 24
34
56 37
32
97 38
15
14 40
12
74 91
74
13 81
37
32 94
66
71 22
82
16 86
56
90 35
84
35 99
42
7 37
30
48 38
69
6 41
41
92 81
40
9 83
20
83 32
11
50 84
77
69 97
9
41 35
24
60 48
10
25 27
19
44 40
57
2 43
50
62 94
32
20 97
25
4 89
52
78 38
21
97 51
94
36 41
87
55 54
33
96 92
92
13 94
37
99 97
74
71 35
14
16 99
60
29 38
19
48 51
4
6 54
83
92 94
26
50 97
23
25 40
58
66 41
7
85 54
100
2 56
33
43 57
63
84 95
60
1 60
7
59 38
26
18 0
75
78 51
38
17 41
1
36 54
96
55 67
23
10 1
22
29 51
84
73 57
80
31 60
11
64 8
68
22 11
25
66 54
26
85 67
37
24 57
18
98 6
76
43 70
78
1 73
14
40 1
71
17 54
87
58 55
48
91 3
97
77 68
71
61 60
51
94 8
39
80 73
85
52 11
86
93 12
46
10 14
28
54 57
18
73 70
31
12 60
14
86 9
29
31 73
84
70 1
7
3 11
90
89 14
13
88 55
76
47 17
5
79 6
25
5 20
40
65 71
39
24 70
58
82 11
21
68 76
45
21 1
64
40 14
89
26 79
74
58 68
66
77 81
18
42 60
13
61 73
70
80 86
44
33 11
90
74 12
21
19 76
9
93 25
22
0 63
39
32 15
24
51 28
41
35 20
98
54 70
29
95 71
86
67 9
59
12 73
48
86 22
15
53 74
96
72 87
71
70 14
1
89 27
33
56 79
62
9 4
47
28 17
51
47 30
6
88 68
2
46 71
85
5 33
3
65 84
80
63 11
59
49 76
42
68 89
51
21 14
58
62 15
27
7 79
30
81 28
81
26 92
75
39 31
23
42 73
4
83 74
40
0 76
52
74 25
41
19 89
66
60 90
56
13 15
48
32 28
41
51 41
67
16 20
4
35 33
41
95 84
55
34 74
84
53 87
66
92 15
64
37 79
38
56 92
88
9 17
99
28 30
76
69 31
5
14 95
7
27 34
97
46 84
4
30 39
38
49 89
62
90 90
52
62 28
71
7 92
68
81 41
29
48 93
81
20 31
36
39 44
18
4 23
58
23 36
64
83 87
65
96 26
95
41 90
29
13 28
94
99 31
71
25 82
6
44 95
47
16 33
83
57 34
47
2 98
1
76 47
41
34 87
100
92 28
80
37 92
32
78 93
20
50 31
12
69 44
31
8 34
43
27 47
67
11 39
3
30 52
51
71 90
10
84 29
70
29 93
93
87 34
34
20 44
51
4 36
2
23 49
42
64 50
87
55 1
47
96 39
67
25 95
54
99 44
31
38 34
12
57 47
80
76 60
65
15 50
69
6 1
94
18 55
72
59 93
62
17 96
24
91 45
58
50 44
17
8 47
96
94 50
73
11 52
73
85 1
87
52 53
85
84 42
66
43 4
16
1 7
68
87 47
72
45 50
45
64 63
36
3 53
36
77 2
46
22 66
42
80 7
2
38 47
64
79 48
65
98 61
35
82 53
81
15 63
15
73 4
65
18 68
24
31 7
51
91 58
13
75 50
77
94 63
70
33 53
61
52 66
91
24 4
94
65 5
27
10 69
93
68 10
92
1 20
70
45 63
91
86 64
2
58 2
13
3 66
60
89 69
63
77 15
86
61 7
85
80 20
41
19 10
16
79 61
52
98 74
26
63 53
28
82 66
25
21 56
100
95 5
11
54 4
61
40 69
23
12 7
53
31 20
64
72 21
6
75 63
56
88 2
95
33 66
46
74 67
83
93 80
33
46 5
36
65 18
19
10 82
25
51 83
44
49 10
11
68 23
11
7 13
26
26 26
45
67 64
1
86 77
95
70 69
71
89 82
74
42 7
63
28 72
13
47 85
1
0 10
97
19 23
21
60 24
93
5 88
57
63 66
62
21 69
63
95 18
3
40 82
44
81 83
10
34 8
73
53 21
16
72 34
29
37 13
62
56 26
68
14 29
81
74 80
40
93 93
54
13 70
88
46 18
18
32 83
41
51 96
68
49 23
70
90 24
6
35 88
26
7 26
33
26 39
64
67 77
92
70 82
71
9 72
8
83 21
6
28 85
83
0 23
50
41 24
42
60 37
32
44 29
40
2 32
2
62 83
38
81 96
11
34 21
10
20 86
56
53 34
79
39 99
4
37 26
36
56 39
33
97 40
79
23 91
36
14 42
13
55 43
92
96 81
4
13 83
50
99 86
58
32 96
28
71 24
43
16 88
39
90 37
87
29 27
85
48 40
33
92 83
39
6 43
73
9 85
87
50 86
61
69 99
57
41 37
89
25 29
73
44 42
9
85 43
92
2 45
87
62 96
16
20 99
93
59 27
71
4 91
53
78 40
43
97 53
92
36 43
7
96 94
87
55 56
86
99 99
91
38 89
2
71 37
84
29 40
60
48 53
97
92 96
42
6 56
95
50 99
23
22 0
57
25 42
95
66 43
74
85 56
47
24 46
31
84 97
13
43 59
81
1 62
2
18 2
2
59 40
6
78 53
45
17 43
64
36 56
23
77 57
4
80 62
56
52 0
46
10 3
35
54 46
53
73 59
9
31 62
18
3 0
21
89 3
100
22 13
77
66 56
10
24 59
24
98 8
96
43 72
7
82 0
56
1 75
99
40 3
67
17 56
26
58 57
92
77 70
51
61 62
68
80 75
16
33 0
99
52 13
64
19 65
54
93 14
24
10 16
19
51 17
43
54 59
17
73 72
30
12 62
74
86 11
1
31 75
56
72 76
86
70 3
24
89 16
39
28 6
44
88 57
92
47 19
52
79 8
50
5 22
65
65 73
10
46 60
63
63 0
66
82 13
67
49 65
44
68 78
71
21 3
40
40 16
21
81 17
64
26 81
60
58 70
68
42 62
35
61 75
54
0 65
7
74 14
47
19 78
6
93 27
88
32 17
79
51 30
23
35 22
24
95 73
11
67 11
42
12 75
100
53 76
68
72 89
59
70 16
11
56 81
100
9 6
67
28 19
62
14 84
18
88 70
44
47 32
86
46 73
39
5 35
96
65 86
84
49 78
4
68 91
89
21 16
25
62 17
93
7 81
34
81 30
93
26 94
44
20 20
38
39 33
82
23 25
74
42 75
63
83 76
25
0 78
34
41 79
30
74 27
31
60 92
70
13 17
83
32 30
24
44 84
59
16 22
96
35 35
62
76 36
55
95 86
86
34 76
9
53 89
94
92 17
13
37 81
82
56 94
34
97 95
30
9 19
12
50 20
57
69 33
21
14 97
2
27 36
85
30 41
74
71 79
88
90 92
74
62 30
73
7 94
23
48 95
34
20 33
26
6 98
1
39 46
89
4 25
78
23 38
57
83 89
99
96 28
78
41 92
10
25 84
65
99 33
99
44 97
6
13 30
55
16 35
22
57 36
60
76 49
86
34 89
93
92 30
90
37 94
31
78 95
55
50 33
61
69 46
4
36 98
42
8 36
41
27 49
53
11 41
92
30 54
27
71 92
76
84 31
17
29 95
98
87 36
31
4 38
9
45 39
58
64 52
48
22 55
69
55 3
17
96 41
36
25 97
44
99 46
25
66 98
17
38 36
98
57 49
71
98 50
43
15 52
77
59 95
39
18 57
11
17 98
2
91 47
61
75 39
32
8 49
61
94 52
49
11 54
31
52 55
66
43 6
52
84 44
84
87 49
87
1 9
62
45 52
2
64 65
72
3 55
3
77 4
48
22 68
53
80 9
6
38 49
6
79 50
63
98 63
94
82 55
38
73 6
36
31 9
53
91 60
43
75 52
13
94 65
91
33 55
21
52 68
59
24 6
2
65 7
29
10 71
91
68 12
56
67 53
57
26 15
56
86 66
6
70 58
36
58 4
22
77 17
62
3 68
36
89 71
35
61 9
4
47 74
49
80 22
81
19 12
70
79 63
22
63 55
16
82 68
96
21 58
10
95 7
91
40 71
72
12 9
20
53 10
89
72 23
60
56 15
19
88 4
99
33 68
78
74 69
21
93 82
86
46 7
32
65 20
97
10 84
24
51 85
85
49 12
2
68 25
4
7 15
16
26 28
51
67 66
37
86 79
4
70 71
35
89 84
4
42 9
40
83 10
47
28 74
45
47 87
83
0 12
50
19 25
88
60 26
11
5 90
83
63 68
95
21 71
15
62 72
12
95 20
35
81 85
55
34 10
29
53 23
88
72 36
35
39 88
47
37 15
84
56 28
34
14 31
6
74 82
91
46 20
24
13 72
19
32 85
21
51 98
36
16 77
32
49 25
52
35 90
46
90 26
74
7 28
81
48 29
21
92 72
54
9 74
51
83 23
81
28 87
92
69 88
79
41 26
42
60 39
27
25 18
46
44 31
20
2 34
18
62 85
29
81 98
68
34 23
34
20 88
44
37 28
56
78 29
47
23 93
5
97 42
57
14 44
56
96 83
36
55 45
20
13 85
92
99 88
34
71 26
90
16 90
88
90 39
11
29 29
12
48 42
71
92 85
9
6 45
74
50 88
61
8 91
63
41 39
65
25 31
23
44 44
35
85 45
37
11 96
88
2 47
80
84 86
68
43 48
85
59 29
41
4 93
11
78 42
11
97 55
12
17 32
22
36 45
11
96 96
79
55 58
26
71 39
23
38 91
9
29 42
58
73 48
78
6 58
73
22 2
90
66 45
100
85 58
33
24 48
13
43 61
57
84 99
55
1 64
61
59 42
34
18 4
26
17 45
54
36 58
80
77 59
6
80 64
61
52 2
32
10 5
34
54 48
39
73 61
35
12 51
12
86 0
17
31 64
97
3 2
54
89 5
36
47 8
94
66 58
65
24 61
89
65 62
30
98 10
69
82 2
10
68 67
1
1 77
91
40 5
72
58 59
30
77 72
86
42 51
22
61 64
74
80 77
82
33 2
75
74 3
14
19 67
32
93 16
66
10 18
31
51 19
4
54 61
96
95 62
33
67 0
73
12 64
13
86 13
62
31 77
18
72 78
3
70 5
78
89 18
7
28 8
21
47 21
15
88 59
87
5 24
57
46 62
92
65 75
13
63 2
91
49 67
21
68 80
99
21 5
98
7 70
37
81 19
32
40 18
55
26 83
58
58 72
88
42 64
97
61 77
8
0 67
94
74 16
4
19 80
88
93 29
62
60 81
29
13 6
23
32 19
25
51 32
54
16 11
51
35 24
61
95 75
14
34 65
63
67 13
37
53 78
69
72 91
8
37 70
46
70 18
11
56 83
4
9 8
66
28 21
39
69 22
39
14 86
59
88 72
17
46 75
94
5 37
75
49 80
59
90 81
70
62 19
22
7 83
45
81 32
28
26 96
38
20 22
94
39 35
22
23 27
20
83 78
21
96 17
68
41 81
29
0 80
22
60 94
56
13 19
81
99 22
38
32 32
44
44 86
5
16 24
74
2 89
16
76 38
52
35 37
12
34 78
31
53 91
39
92 19
4
37 83
51
56 96
10
97 97
28
9 21
8
50 22
89
69 35
38
14 99
18
8 25
37
27 38
8
30 43
68
71 81
1
90 94
41
29 84
21
62 32
52
48 97
89
20 35
74
4 27
51
23 40
61
83 91
100
96 30
59
41 94
76
25 86
8
99 35
2
44 99
68
38 25
19
57 38
66
76 51
97
15 41
48
92 32
14
59 84
87
18 46
38
78 97
11
50 35
53
91 36
20
8 38
2
94 41
47
27 51
72
11 43
99
30 56
68
71 94
56
84 33
70
29 97
79
87 38
25
4 40
50
45 41
9
64 54
15
22 57
31
25 99
70
38 38
38
57 51
68
98 52
24
15 54
90
18 59
58
59 97
22
91 49
85
75 41
92
94 54
9
52 57
26
10 60
90
43 8
5
84 46
34
1 11
18
87 51
69
45 54
19
86 55
96
3 57
67
77 6
91
22 70
97
80 11
22
19 1
78
79 52
28
98 65
72
63 44
4
82 57
93
73 8
89
40 60
85
31 11
36
72 12
93
75 54
80
33 57
75
52 70
12
93 71
1
65 9
31
10 73
77
49 1
79
68 14
4
26 17
25
67 55
39
86 68
18
70 60
87
58 6
14
89 73
24
61 11
89
47 76
92
0 1
37
19 14
95
5 79
9
79 65
96
63 57
13
82 70
5
21 60
69
95 9
84
40 73
79
12 11
34
53 12
23
72 25
47
56 17
4
88 6
59
14 20
100
74 71
47
93 84
37
46 9
34
32 74
68
65 22
81
51 87
28
49 14
72
35 79
31
68 27
18
7 17
70
26 30
76
67 68
51
70 73
13
42 11
89
83 12
71
28 76
15
9 63
38
47 89
37
0 14
88
41 15
39
60 28
97
5 92
84
44 20
25
21 73
84
95 22
21
62 74
18
81 87
99
34 12
89
53 25
40
39 90
25
37 17
78
56 30
17
97 31
52
14 33
37
74 84
71
13 74
48
32 87
20
71 15
9
16 79
49
90 28
28
35 92
1
7 30
34
48 31
60
92 74
50
6 34
66
9 76
17
83 25
18
28 89
78
69 90
40
41 28
68
27 93
27
60 41
30
25 20
70
44 33
42
30 98
48
2 36
12
62 87
55
34 25
88
20 90
12
4 82
56
78 31
42
23 95
81
97 44
75
37 30
88
36 34
45
96 85
44
55 47
17
13 87
6
99 90
59
71 28
12
16 92
42
90 41
13
57 93
20
29 31
78
48 44
71
92 87
11
6 47
95
50 90
67
8 93
47
25 33
73
66 34
5
11 98
48
85 47
31
2 49
25
84 88
33
43 50
18
1 53
2
87 93
13
59 31
21
4 95
71
78 44
60
17 34
100
36 47
79
96 98
10
55 60
25
38 93
38
29 44
22
73 50
66
31 53
85
64 1
11
22 4
59
66 47
5
85 60
24
24 50
17
43 63
40
1 66
43
59 44
56
17 47
44
58 48
14
77 61
93
61 53
96
94 1
25
80 66
4
52 4
12
93 5
17
10 7
44
54 50
42
73 63
80
12 53
46
86 2
86
31 66
10
3 4
43
89 7
57
88 48
60
47 10
15
24 63
79
65 64
46
82 4
30
68 69
36
40 7
19
26 72
57
58 61
99
77 74
68
42 53
57
61 66
88
80 79
21
33 4
3
74 5
79
19 69
28
93 18
29
0 56
16
32 8
18
51 21
11
54 63
61
95 64
9
67 2
32
12 66
86
86 15
32
53 67
99
72 80
53
70 7
74
89 20
33
56 72
11
28 10
93
88 61
74
47 23
22
46 64
41
5 26
55
65 77
88
63 4
96
49 69
48
68 82
6
21 7
10
62 8
13
7 72
62
81 21
38
26 85
67
39 24
20
42 66
14
83 67
98
0 69
70
74 18
37
19 82
9
60 83
83
13 8
99
32 21
76
51 34
82
16 13
80
35 26
64
95 77
94
34 67
26
53 80
84
72 93
79
92 8
78
37 72
44
56 85
78
9 10
93
28 23
8
69 24
87
14 88
59
5 39
13
46 77
83
49 82
56
90 83
55
62 21
5
7 85
92
81 34
11
48 86
6
20 24
38
39 37
27
23 29
48
83 80
29
96 19
84
41 83
67
60 96
30
13 21
47
99 24
11
44 88
32
25 75
19
16 26
13
2 91
4
76 40
56
34 80
67
92 21
51
37 85
1
78 86
36
97 99
9
50 24
38
69 37
40
8 27
5
27 40
94
11 32
100
30 45
47
71 83
28
90 96
66
84 22
20
29 86
91
48 99
33
87 27
100
20 37
4
4 29
88
23 42
67
64 43
6
96 32
6
41 96
76
25 88
21
99 37
56
38 27
84
57 40
60
76 53
28
15 43
5
59 86
45
18 48
1
78 99
55
17 89
55
91 38
85
50 37
51
8 40
5
94 43
61
27 53
39
11 45
78
30 58
96
71 96
70
84 35
65
29 99
41
1 0
55
87 40
21
45 43
44
64 56
88
3 46
69
22 59
1
80 0
3
38 40
26
79 41
21
98 54
46
15 56
68
18 61
46
59 99
14
31 0
95
91 51
4
75 43
39
94 56
34
33 46
35
52 59
20
10 62
23
68 3
9
1 13
5
45 56
15
86 57
14
3 59
17
77 8
81
89 62
44
22 72
36
61 0
63
80 13
14
19 3
82
79 54
78
98 67
80
63 46
62
82 59
85
40 62
21
12 0
53
31 13
25
72 14
37
75 56
98
33 59
45
52 72
47
93 73
34
65 11
12
10 75
52
51 76
100
49 3
93
68 16
5
7 6
32
67 57
47
26 19
92
86 70
78
58 8
31
70 62
99
89 75
7
42 0
8
28 65
29
61 13
52
47 78
56
0 3
45
19 16
86
60 17
76
5 81
87
63 59
19
21 62
27
95 11
73
40 75
7
81 76
22
34 1
45
53 14
77
72 27
83
37 6
23
56 19
97
14 22
92
88 8
48
74 73
88
93 86
64
46 11
68
32 76
10
51 89
44
49 16
11
90 17
68
35 81
16
7 19
20
26 32
68
67 70
100
70 75
1
9 65
95
83 14
21
28 78
45
47 91
86
0 16
60
41 17
73
60 30
5
5 94
9
44 22
52
2 25
39
21 75
47
62 76
94
81 89
29
34 14
64
20 79
24
53 27
37
39 92
74
37 19
15
56 32
29
97 33
68
23 84
17
14 35
72
55 36
70
13 76
55
32 89
69
71 17
38
16 81
9
90 30
43
35 94
41
76 95
22
29 20
8
48 33
67
6 36
36
92 76
95
9 78
12
83 27
44
50 79
32
69 92
5
41 30
90
27 95
60
25 22
20
44 35
98
85 36
54
2 38
69
62 89
15
20 92
70
59 20
96
4 84
59
78 33
97
23 97
70
97 46
5
36 36
15
55 49
60
96 87
40
13 89
34
99 92
84
71 30
56
16 94
19
57 95
15
29 33
75
15 98
2
48 46
42
92 89
43
6 49
93
50 92
91
8 95
95
25 35
42
66 36
14
85 49
49
24 39
49
43 52
17
84 90
74
1 55
38
87 95
88
59 33
69
4 97
1
45 98
29
78 46
74
17 36
47
36 49
57
77 50
47
80 55
76
38 95
20
54 39
9
73 52
13
31 55
33
75 98
35
22 6
46
66 49
8
24 52
72
98 1
86
43 65
43
1 68
8
17 49
53
58 50
42
77 63
5
61 55
7
80 68
20
19 58
80
93 7
25
52 6
91
10 9
92
54 52
9
73 65
62
12 55
51
86 4
23
31 68
93
72 69
89
89 9
82
88 50
84
47 12
73
79 1
70
5 15
94
65 66
73
46 53
22
82 6
64
49 58
24
68 71
61
40 9
47
26 74
31
58 63
26
42 55
55
61 68
56
0 58
70
74 7
93
19 71
69
93 20
81
32 10
50
51 23
7
35 15
63
95 66
1
67 4
86
12 68
47
53 69
22
72 82
68
70 9
60
56 74
66
28 12
12
47 25
6
88 63
55
46 66
64
5 28
4
65 79
93
49 71
49
68 84
50
21 9
5
62 10
55
7 74
5
81 23
48
26 87
51
39 26
55
42 68
16
83 69
53
0 71
64
74 20
29
41 72
18
60 85
36
13 10
92
32 23
47
44 77
20
51 36
39
16 15
9
35 28
89
95 79
23
34 69
55
53 82
4
92 10
14
37 74
79
56 87
33
97 88
79
9 12
92
50 13
37
69 26
57
14 90
53
27 29
93
30 34
9
71 72
40
90 85
16
62 23
26
7 87
5
48 88
3
20 26
51
39 39
93
4 18
11
23 31
69
83 82
99
96 21
40
41 85
85
60 98
64
25 77
63
99 26
65
13 23
40
44 90
9
16 28
7
57 29
56
2 93
65
76 42
2
34 82
80
92 23
35
37 87
89
78 88
86
50 26
22
69 39
78
36 91
75
8 29
14
27 42
9
11 34
33
71 85
46
30 47
83
90 98
95
84 24
77
29 88
69
87 29
51
4 31
25
23 44
82
64 45
2
22 48
35
96 34
97
25 90
70
99 39
20
66 91
92
38 29
18
57 42
39
76 55
40
15 45
29
59 88
99
18 50
3
17 91
74
91 40
24
8 42
42
94 45
42
11 47
26
52 48
63
84 37
25
87 42
84
1 2
17
45 45
100
64 58
35
3 48
85
22 61
40
80 2
55
38 42
38
79 43
45
98 56
79
82 48
31
15 58
16
18 63
28
31 2
22
91 53
91
75 45
33
94 58
6
33 48
58
52 61
57
65 0
29
10 64
73
68 5
29
26 8
19
45 58
55
86 59
72
3 61
49
77 10
92
89 64
91
61 2
58
80 15
22
47 67
1
19 5
8
79 56
35
63 48
69
82 61
14
21 51
91
95 0
10
40 64
62
12 2
49
53 3
30
72 16
2
56 8
24
33 61
97
74 62
21
93 75
17
46 0
29
65 13
46
10 77
12
51 78
96
49 5
48
68 18
33
7 8
41
67 59
48
26 21
30
86 72
54
70 64
95
89 77
46
42 2
78
83 3
25
28 67
1
47 80
48
0 5
34
19 18
90
60 19
45
5 83
42
63 61
9
21 64
57
95 13
30
40 77
28
81 78
17
34 3
48
53 16
8
39 81
10
72 29
51
37 8
48
56 21
32
14 24
88
74 75
22
93 88
99
46 13
8
13 65
99
32 78
15
51 91
17
49 18
85
90 19
77
35 83
55
16 70
92
7 21
36
48 22
16
70 77
44
9 67
28
83 16
3
28 80
67
69 81
94
41 19
76
60 32
66
5 96
3
25 11
68
44 24
14
2 27
94
62 78
11
81 91
32
34 16
24
20 81
32
39 94
78
37 21
93
78 22
83
23 86
75
97 35
6
14 37
74
55 38
79
96 76
19
13 78
42
99 81
47
32 91
45
71 19
32
16 83
32
90 32
26
35 96
22
76 97
12
29 22
42
48 35
80
92 78
57
6 38
5
9 80
8
50 81
100
69 94
28
41 32
88
8 84
6
27 97
27
25 24
48
11 89
5
44 37
94
85 38
94
2 40
2
43 41
78
62 91
17
20 94
47
59 22
37
4 86
28
78 35
68
23 99
98
97 48
81
17 25
10
36 38
59
96 89
35
55 51
52
99 94
93
71 32
28
38 84
81
57 97
14
29 35
80
73 41
97
6 51
31
50 94
66
91 95
90
8 97
30
66 38
13
85 51
43
24 41
33
84 92
83
43 54
31
1 57
14
87 97
100
59 35
20
4 99
11
17 38
67
36 51
87
77 52
7
80 57
86
38 97
42
54 41
56
73 54
28
12 44
98
31 57
56
22 8
72
66 51
53
24 54
13
98 3
11
65 55
3
68 60
100
1 70
55
58 52
69
77 65
25
42 44
25
61 57
65
80 70
43
19 60
54
93 9
23
10 11
18
51 12
4
54 54
49
95 55
58
12 57
60
86 6
7
31 70
60
72 71
73
89 11
17
28 1
55
88 52
73
47 14
83
46 55
30
5 17
78
65 68
81
49 60
100
68 73
53
40 11
8
81 12
40
26 76
34
7 63
84
58 65
71
42 57
85
61 70
56
0 60
31
74 9
45
19 73
38
60 74
92
93 22
79
32 12
41
51 25
47
35 17
34
95 68
54
67 6
56
34 58
39
53 71
8
72 84
51
70 11
85
37 63
91
56 76
12
9 1
68
28 14
90
47 27
8
88 65
25
14 79
56
5 30
2
46 68
21
49 73
91
90 74
76
62 12
91
7 76
2
81 25
28
26 89
21
20 15
63
39 28
37
23 20
57
83 71
38
96 10
72
41 74
38
0 73
74
60 87
87
13 12
68
44 79
75
32 25
87
16 17
77
35 30
26
76 31
59
34 71
32
53 84
38
92 12
74
37 76
20
56 89
89
97 90
47
9 14
21
50 15
49
69 28
66
14 92
13
27 31
55
71 74
78
30 36
6
90 87
25
29 77
79
62 25
86
48 90
21
20 28
10
39 41
31
6 93
98
4 20
69
23 33
86
83 84
25
96 23
91
41 87
7
25 79
39
99 28
16
44 92
10
85 93
43
16 30
63
57 31
87
2 95
90
76 44
65
15 34
33
59 77
34
92 25
7
78 90
69
18 39
28
50 28
9
69 41
77
36 93
36
8 31
76
27 44
47
11 36
65
30 49
54
71 87
16
84 26
14
29 90
23
87 31
98
4 33
58
45 34
22
64 47
23
22 50
97
25 92
21
66 93
85
38 31
42
57 44
80
98 45
98
15 47
13
18 52
60
59 90
50
17 93
55
91 42
36
75 34
88
8 44
91
94 47
34
11 49
98
52 50
78
43 1
94
10 53
1
84 39
54
54 96
29
1 4
86
87 44
96
45 47
36
64 60
38
3 50
34
22 63
25
80 4
84
79 45
61
98 58
38
82 50
92
73 1
18
40 53
26
31 4
49
72 5
91
75 47
62
94 60
8
33 50
23
52 63
19
93 64
76
65 2
34
10 66
95
68 7
76
26 10
24
67 48
59
86 61
88
70 53
8
3 63
44
89 66
95
61 4
38
47 69
93
19 7
14
79 58
65
5 72
17
63 50
2
82 63
93
21 53
18
95 2
84
40 66
98
12 4
97
53 5
64
72 18
85
56 10
73
14 13
68
33 63
53
74 64
75
93 77
89
46 2
73
65 15
24
32 67
13
51 80
48
49 7
51
35 72
39
68 20
79
7 10
28
67 61
87
26 23
99
86 74
13
70 66
61
89 79
49
9 56
92
83 5
82
42 4
45
28 69
49
47 82
42
0 7
37
41 8
59
60 21
34
5 85
6
44 13
17
63 63
79
21 66
48
95 15
41
62 67
81
81 80
58
34 5
16
53 18
52
39 83
58
37 10
30
56 23
58
97 24
55
14 26
95
74 77
46
13 67
22
32 80
85
51 93
29
71 8
87
16 72
59
90 21
33
35 85
55
7 23
54
48 24
52
6 27
48
92 67
93
9 69
35
83 18
15
28 82
79
69 83
51
41 21
88
60 34
56
27 86
66
25 13
64
44 26
82
30 91
22
2 29
17
62 80
7
81 93
28
34 18
37
20 83
7
39 96
87
4 75
36
78 24
98
23 88
78
37 23
58
97 37
80
36 27
37
55 40
59
96 78
50
13 80
5
99 83
78
71 21
47
16 85
44
90 34
49
57 86
68
76 99
59
29 24
84
48 37
8
92 80
53
6 40
59
50 83
94
69 96
66
8 86
16
27 99
89
25 26
32
66 27
33
11 91
68
85 40
53
2 42
45
43 43
71
84 81
52
87 86
73
20 96
87
59 24
22
4 88
55
78 37
29
17 27
74
36 40
2
96 91
23
55 53
9
99 96
35
38 86
99
57 99
6
29 37
70
73 43
15
31 46
59
50 96
9
91 97
95
8 99
26
66 40
25
85 53
63
24 43
27
84 94
96
43 56
35
87 99
65
1 59
97
59 37
78
17 40
74
58 41
79
77 54
93
61 46
64
80 59
75
38 99
87
10 0
81
54 43
65
73 56
43
12 46
7
31 59
11
89 0
39
88 41
100
47 3
66
24 56
99
65 57
71
68 62
76
40 0
31
58 54
69
77 67
27
42 46
79
61 59
64
80 72
77
0 49
68
19 62
92
93 11
10
10 13
39
51 14
100
54 56
68
95 57
26
12 59
55
53 60
13
86 8
96
72 73
71
70 0
99
89 13
85
28 3
83
88 54
14
47 16
61
46 57
64
5 19
11
65 70
59
49 62
10
68 75
56
21 0
86
40 13
77
7 65
37
26 78
21
81 14
37
39 17
41
42 59
8
83 60
64
0 62
44
74 11
80
19 75
98
60 76
65
93 24
35
13 1
40
32 14
29
51 27
54
16 6
75
35 19
95
95 70
4
34 60
4
53 73
6
72 86
84
37 65
97
56 78
14
9 3
86
28 16
12
69 17
34
14 81
64
46 70
91
5 32
42
49 75
26
90 76
28
62 14
45
7 78
68
81 27
10
26 91
23
20 17
73
39 30
8
23 22
20
83 73
44
96 12
67
41 76
32
60 89
19
13 14
67
25 68
74
32 27
61
44 81
12
99 17
79
16 19
4
35 32
59
76 33
52
2 84
56
34 73
4
92 14
87
37 78
39
78 79
38
97 92
42
9 16
82
50 17
3
69 30
90
14 94
73
55 95
79
8 20
27
27 33
42
11 25
83
30 38
9
71 76
5
90 89
31
29 79
13
48 92
89
20 30
3
6 95
3
4 22
89
23 35
66
64 36
42
96 25
32
41 89
42
25 81
46
99 30
30
44 94
44
85 95
67
38 20
78
57 33
26
2 97
74
76 46
49
15 36
18
18 41
63
59 79
65
78 92
44
50 30
39
91 31
25
36 95
79
8 33
4
94 36
95
27 46
100
11 38
31
30 51
91
71 89
19
84 28
74
29 92
75
87 33
4
4 35
61
45 36
37
64 49
88
3 39
74
22 52
31
66 95
22
38 33
10
24 98
38
57 46
7
98 47
32
15 49
1
59 92
12
18 54
25
17 95
78
91 44
9
75 36
24
94 49
88
33 39
19
52 52
56
10 55
24
87 46
47
54 98
49
1 6
56
45 49
22
86 50
36
3 52
60
89 55
15
77 1
95
22 65
88
80 6
55
79 47
79
98 60
9
63 39
97
82 52
48
40 55
9
31 6
9
72 7
40
75 49
58
33 52
60
52 65
28
93 66
72
65 4
69
10 68
92
51 69
9
68 9
76
26 12
79
67 50
26
86 63
28
58 1
91
70 55
95
89 68
6
61 6
73
28 58
34
47 71
10
19 9
80
60 10
12
79 60
14
5 74
29
63 52
97
82 65
73
21 55
15
95 4
25
40 68
80
81 69
59
53 7
5
72 20
85
56 12
21
88 1
70
14 15
5
74 66
64
93 79
86
46 4
30
32 69
53
51 82
21
49 9
88
90 10
92
35 74
16
7 12
43
26 25
83
67 63
21
70 68
80
9 58
89
83 7
16
28 71
84
47 84
99
0 9
46
41 10
46
60 23
71
5 87
4
44 15
42
21 68
28
62 69
67
81 82
58
34 7
93
20 72
67
53 20
23
39 85
25
37 12
67
23 77
28
97 26
100
56 25
46
14 28
64
55 29
76
74 79
69
13 69
61
32 82
5
71 10
11
16 74
97
90 23
20
35 87
59
76 88
51
29 13
5
48 26
4
92 69
100
6 29
46
9 71
22
83 20
84
50 72
23
69 85
44
41 23
7
27 88
38
25 15
22
44 28
24
85 29
71
30 93
55
2 31
55
62 82
22
20 85
48
39 98
50
59 13
90
4 77
63
78 26
81
23 90
87
97 39
19
36 29
21
55 42
75
96 80
30
13 82
95
99 85
5
71 23
22
16 87
33
57 88
75
29 26
14
15 91
30
48 39
97
6 42
19
92 82
79
18 96
8
50 85
100
69 98
8
8 88
59
25 28
4
66 29
69
11 93
13
85 42
65
24 32
60
43 45
39
84 83
15
87 88
38
1 48
40
59 26
49
4 90
86
78 39
90
45 91
67
17 29
57
36 42
53
77 43
43
96 93
87
99 98
54
38 88
99
54 32
50
73 45
47
31 48
1
91 99
51
75 91
53
66 42
76
24 45
72
43 58
5
84 96
39
1 61
56
17 42
15
58 43
73
77 56
36
61 48
72
80 61
77
93 0
46
10 2
40
54 45
49
73 58
95
12 48
33
31 61
99
89 2
76
88 43
22
47 5
71
5 8
98
46 46
79
65 59
80
49 51
84
68 64
79
40 2
5
26 67
56
58 56
8
42 48
60
61 61
44
0 51
84
74 0
13
19 64
5
93 13
22
32 3
90
51 16
41
35 8
37
95 59
61
12 61
44
53 62
67
72 75
71
70 2
64
89 15
49
56 67
12
28 5
58
88 56
67
47 18
43
46 59
47
5 21
99
65 72
9
49 64
5
68 77
58
21 2
74
62 3
77
7 67
16
81 16
33
26 80
36
39 19
71
42 61
69
83 62
87
0 64
32
74 13
82
60 78
60
13 3
87
32 16
92
51 29
15
16 8
7
35 21
60
95 72
68
34 62
3
53 75
8
92 3
45
37 67
33
56 80
22
9 5
59
28 18
32
69 19
24
14 83
85
27 22
51
30 27
3
71 65
79
90 78
97
62 16
73
7 80
93
48 81
14
81 29
12
20 19
12
39 32
18
4 11
41
23 24
88
83 75
97
96 14
5
41 78
51
60 91
52
25 70
49
99 19
12
44 83
70
13 16
79
16 21
89
57 22
53
2 86
56
76 35
54
34 75
37
92 16
36
37 80
18
78 81
73
97 94
1
50 19
60
69 32
90
14 96
81
55 97
43
8 22
45
27 35
93
11 27
35
30 40
95
71 78
65
90 91
34
84 17
23
29 81
25
48 94
9
87 22
49
20 32
83
6 97
98
4 24
47
23 37
39
64 38
9
96 27
19
22 41
86
25 83
1
99 32
58
44 96
17
85 97
77
38 22
69
57 35
45
2 99
97
76 48
5
15 38
83
18 43
77
59 81
18
78 94
36
50 32
63
91 33
18
36 97
51
17 84
50
8 35
81
94 38
8
11 40
37
52 41
69
84 30
43
29 94
45
87 35
70
45 38
98
64 51
49
3 41
48
22 54
42
66 97
29
38 35
78
79 36
34
98 49
51
82 41
15
15 51
97
59 94
22
18 56
88
17 97
46
91 46
16
75 38
77
94 51
34
33 41
38
52 54
86
10 57
94
45 51
74
86 52
31
3 54
65
77 3
51
89 57
90
47 60
99
80 8
3
79 49
34
98 62
3
63 41
7
82 54
92
21 44
9
40 57
43
72 9
34
56 1
89
75 51
55
33 54
77
74 55
31
93 68
10
65 6
52
10 70
46
51 71
8
68 11
30
7 1
27
67 52
6
26 14
41
86 65
79
70 57
19
89 70
68
28 60
66
47 73
74
19 11
77
60 12
45
5 76
55
63 54
92
21 57
72
95 6
55
40 70
1
81 71
61
53 9
74
39 74
57
72 22
82
37 1
63
56 14
53
14 17
83
74 68
28
93 81
71
13 58
44
46 6
67
32 71
76
51 84
22
16 63
67
90 12
31
49 11
84
35 76
29
7 14
26
48 15
62
67 65
94
70 70
49
9 60
39
83 9
93
28 73
42
69 74
67
41 12
40
60 25
93
5 89
11
25 4
78
44 17
17
2 20
54
62 71
24
81 84
66
34 9
83
20 74
59
39 87
98
37 14
23
78 15
94
23 79
60
97 28
82
14 30
73
55 31
34
96 69
23
13 71
67
99 74
74
32 84
55
71 12
26
16 76
42
90 25
5
35 89
89
76 90
8
29 15
98
48 28
65
6 31
63
92 71
3
9 73
2
50 74
62
69 87
19
41 25
92
8 77
8
27 90
15
25 17
29
44 30
10
11 82
8
85 31
80
30 95
12
2 33
92
62 84
55
20 87
54
59 15
4
4 79
13
78 28
54
23 92
92
64 93
3
97 41
58
17 18
70
36 31
83
96 82
22
55 44
100
99 87
12
38 77
36
71 25
64
57 90
14
29 28
96
15 93
49
73 34
28
6 44
31
92 84
90
18 98
59
50 87
87
91 88
50
8 90
48
94 93
85
66 31
67
11 95
46
85 44
45
24 34
14
43 47
83
84 85
69
87 90
63
1 50
49
59 28
33
4 92
78
45 93
37
17 31
58
36 44
60
3 96
40
77 45
77
80 50
32
38 90
82
54 34
34
73 47
67
31 50
52
75 93
20
22 1
87
33 96
17
66 44
93
24 47
8
84 98
18
1 63
30
58 45
3
77 58
37
42 37
58
61 50
89
80 63
73
52 1
69
19 53
2
93 2
89
10 4
69
51 5
3
63 96
48
54 47
16
95 48
7
12 50
34
31 63
13
72 64
12
89 4
85
88 45
13
47 7
32
46 48
71
5 10
97
65 61
82
49 53
68
82 1
30
68 66
7
40 4
30
81 5
61
26 69
36
58 58
40
42 50
59
61 63
49
0 53
30
74 2
95
19 66
65
93 15
83
32 5
3
51 18
39
35 10
21
95 61
87
53 64
47
72 77
33
70 4
28
56 69
4
28 7
20
14 72
57
88 58
35
47 20
76
46 61
80
5 23
62
49 66
6
68 79
72
21 4
61
62 5
19
7 69
21
81 18
88
26 82
76
20 8
44
39 21
84
23 13
43
83 64
94
0 66
74
41 67
40
74 15
26
60 80
95
13 5
13
44 72
18
32 18
66
16 10
26
35 23
77
76 24
1
34 64
2
53 77
52
92 5
79
37 69
85
56 82
84
97 83
50
9 7
89
50 8
73
69 21
24
14 85
97
27 24
51
71 67
69
30 29
3
90 80
43
62 18
53
7 82
71
48 83
26
20 21
61
6 86
38
39 34
55
4 13
10
23 26
85
83 77
44
96 16
17
41 80
58
60 93
68
25 72
33
13 18
33
44 85
40
99 21
74
16 23
75
57 24
19
2 88
89
76 37
4
15 27
49
92 18
36
18 32
83
78 83
79
97 96
24
50 21
19
36 86
63
69 34
43
55 99
36
8 24
74
27 37
27
11 29
35
71 80
99
30 42
37
84 19
90
29 83
72
48 96
39
87 24
6
6 99
52
4 26
14
45 27
75
64 40
16
22 43
40
96 29
75
25 85
7
99 34
22
66 86
62
85 99
52
38 24
99
57 37
92
98 38
22
15 40
82
18 45
26
59 83
4
78 96
34
17 86
44
91 35
4
36 99
58
75 27
7
8 37
41
94 40
3
11 42
57
52 43
98
10 46
61
84 32
98
29 96
85
87 37
55
45 40
70
64 53
51
3 43
53
22 56
55
66 99
30
38 37
35
79 38
93
98 51
63
82 43
66
40 46
71
17 99
37
91 48
21
75 40
21
94 53
38
33 43
22
52 56
37
93 57
43
10 59
24
68 0
16
26 3
63
67 41
31
86 54
70
70 46
19
3 56
20
89 59
91
47 62
61
19 0
30
5 65
34
79 51
6
63 43
70
82 56
91
21 46
81
40 59
16
72 11
81
56 3
66
33 56
94
74 57
78
93 70
10
32 60
49
65 8
78
51 73
79
49 0
98
35 65
9
68 13
81
7 3
74
67 54
2
26 16
11
86 67
64
70 59
78
89 72
62
9 49
85
28 62
99
47 75
56
0 0
67
41 1
87
60 14
66
5 78
34
63 56
41
21 59
2
62 60
100
95 8
20
81 73
63
53 11
17
39 76
2
37 3
74
56 16
3
14 19
92
74 70
85
13 60
31
32 73
8
51 86
15
71 1
44
16 65
57
90 14
33
35 78
92
7 16
32
48 17
47
92 60
73
9 62
27
83 11
74
28 75
11
69 76
22
41 14
34
27 79
21
60 27
90
25 6
20
44 19
90
30 84
17
2 22
14
62 73
71
81 86
97
34 11
14
20 76
29
39 89
74
37 16
14
78 17
4
4 68
82
97 30
30
23 81
20
14 32
66
55 33
58
96 71
21
13 73
18
99 76
20
71 14
4
16 78
40
90 27
47
57 79
8
76 92
48
29 17
14
48 30
8
6 33
40
92 73
76
50 76
79
69 89
26
8 79
44
27 92
70
25 19
34
66 20
59
11 84
36
85 33
44
30 97
17
2 35
59
43 36
64
84 74
29
87 79
63
20 89
93
59 17
63
4 81
94
78 30
7
23 94
89
64 95
17
17 20
23
36 33
83
55 46
7
96 84
42
99 89
41
38 79
61
57 92
77
29 30
52
15 95
27
73 36
19
6 46
11
50 89
94
91 90
84
8 92
89
94 95
1
66 33
29
11 97
72
85 46
57
52 98
84
24 36
72
84 87
7
43 49
33
1 52
93
87 92
23
59 30
17
45 95
70
17 33
39
3 98
1
77 47
90
80 52
20
38 92
32
79 93
94
82 98
69
54 36
28
73 49
93
12 39
10
31 52
55
75 95
86
88 34
68
33 98
25
24 49
16
65 50
37
68 55
77
1 65
16
58 47
6
77 60
62
42 39
14
61 52
65
80 65
8
19 55
28
93 4
68
63 98
24
51 7
97
10 6
17
54 49
20
95 50
39
12 52
24
86 1
56
31 65
94
72 66
32
89 6
63
47 9
58
88 47
9
46 50
76
5 12
32
65 63
50
49 55
96
68 68
46
40 6
75
81 7
73
26 71
13
7 58
59
39 10
13
42 52
63
0 55
92
74 4
11
19 68
41
60 69
64
93 17
42
32 7
39
51 20
86
35 12
24
95 63
91
34 53
85
67 1
29
53 66
38
72 79
13
70 6
98
37 58
45
56 71
36
28 9
92
69 10
61
14 74
6
46 63
88
5 25
9
49 68
90
90 69
71
62 7
86
7 71
48
81 20
50
26 84
10
20 10
97
39 23
12
23 15
94
83 66
73
0 68
79
41 69
21
96 5
35
60 82
72
13 7
31
99 10
15
44 74
51
32 20
11
16 12
13
2 77
49
35 25
24
76 26
90
34 66
99
53 79
87
92 7
38
37 71
45
56 84
2
97 85
1
9 9
46
50 10
2
69 23
73
14 87
41
55 88
16
8 13
57
27 26
4
11 18
31
71 69
66
30 31
28
90 82
39
62 20
57
29 72
93
48 85
16
20 23
100
6 88
27
4 15
37
23 28
25
64 29
39
96 18
64
41 82
94
25 74
33
99 23
53
44 87
78
85 88
49
38 13
39
57 26
10
2 90
97
76 39
51
15 29
38
92 20
96
18 34
97
78 85
72
59 72
83
97 98
8
50 23
22
91 24
24
36 88
45
8 26
88
94 29
72
27 39
35
11 31
5
71 82
56
30 44
40
84 21
40
29 85
58
48 98
5
87 26
79
4 28
95
45 29
74
64 42
91
3 32
7
22 45
90
25 87
69
66 88
77
38 26
1
57 39
8
24 91
34
98 40
28
15 42
100
59 85
46
18 47
34
78 98
28
17 88
33
91 37
79
75 29
16
94 42
90
33 32
95
52 45
6
10 48
44
84 34
72
87 39
29
54 91
96
45 42
43
86 43
81
3 45
67
89 48
73
22 58
92
79 40
53
98 53
62
63 32
9
82 45
97
40 48
78
72 0
72
75 42
3
33 45
73
52 58
97
93 59
76
10 61
9
51 62
5
68 2
67
67 43
66
26 5
17
86 56
8
70 48
6
89 61
29
28 51
100
47 64
6
19 2
87
5 67
6
79 53
26
63 45
72
82 58
47
21 48
26
40 61
62
81 62
32
53 0
56
72 13
40
56 5
44
14 8
38
74 59
48
93 72
12
32 62
24
51 75
16
49 2
10
90 3
76
35 67
23
7 5
94
67 56
92
26 18
37
70 61
99
9 51
37
83 0
67
28 64
68
47 77
19
0 2
28
41 3
9
60 16
85
5 80
16
44 8
64
21 61
58
62 62
56
81 75
39
34 0
10
20 65
55
53 13
14
39 78
20
37 5
64
23 70
10
97 19
95
56 18
4
14 21
70
74 72
79
13 62
83
32 75
72
71 3
73
16 67
41
90 16
73
35 80
54
76 81
97
48 19
26
92 62
33
6 22
87
9 64
63
83 13
79
50 65
62
69 78
86
41 16
44
27 81
93
25 8
6
44 21
22
30 86
34
2 24
51
62 75
2
20 78
21
39 91
89
59 6
44
4 70
49
78 19
42
23 83
99
97 32
92
36 22
59
96 73
47
55 35
40
13 75
72
99 78
11
71 16
43
16 80
95
57 81
70
76 94
79
29 19
84
48 32
10
15 84
37
92 75
62
6 35
64
50 78
42
69 91
65
8 81
30
27 94
17
25 21
51
66 22
13
11 86
21
85 35
13
30 99
27
2 37
13
43 38
53
84 76
80
1 41
37
87 81
61
59 19
45
4 83
14
78 32
33
45 84
51
64 97
28
17 22
20
36 35
62
55 48
83
96 86
97
99 91
39
38 81
93
57 94
53
98 95
70
15 97
18
73 38
91
31 41
3
91 92
89
75 84
63
8 94
80
94 97
68
66 35
65
11 99
22
24 38
52
84 89
9
43 51
38
1 54
48
87 94
66
45 97
44
17 35
27
58 36
23
77 49
88
61 41
31
80 54
63
38 94
55
79 95
44
54 38
30
73 51
99
12 41
57
31 54
80
75 97
23
88 36
79
5 1
81
24 51
28
65 52
28
68 57
1
67 98
64
26 60
57
58 49
52
77 62
48
42 41
61
61 54
8
80 67
41
0 44
53
19 57
46
93 6
66
51 9
77
35 1
76
95 52
12
12 54
16
86 3
82
53 55
30
72 68
24
89 8
4
56 60
15
47 11
81
88 49
13
5 14
63
46 52
27
65 65
94
49 57
79
68 70
6
7 60
29
81 9
49
26 73
15
39 12
98
42 54
43
83 55
18
0 57
28
74 6
60
19 70
83
60 71
30
32 9
78
51 22
74
16 1
81
35 14
48
95 65
26
34 55
81
53 68
76
72 81
58
37 60
23
56 73
48
28 11
8
69 12
70
14 76
71
27 15
46
46 65
95
30 20
38
49 70
81
90 71
46
62 9
95
7 73
54
48 74
99
81 22
97
20 12
26
39 25
26
4 4
39
23 17
5
83 68
25
96 7
71
41 71
1
60 84
12
13 9
48
99 12
93
44 76
46
25 63
73
16 14
6
57 15
46
2 79
88
76 28
9
34 68
28
92 9
4
37 73
95
78 74
1
97 87
96
50 12
77
69 25
83
14 89
28
55 90
1
8 15
69
27 28
6
11 20
43
30 33
20
71 71
84
90 84
37
84 10
35
29 74
11
48 87
57
87 15
20
20 25
26
6 90
55
4 17
5
23 30
13
64 31
57
22 34
50
41 84
48
96 20
24
25 76
43
99 25
93
44 89
34
85 90
99
38 15
63
57 28
5
2 92
67
43 93
81
76 41
88
15 31
67
59 74
7
18 36
39
78 87
30
17 77
49
91 26
12
36 90
88
50 25
67
8 28
33
94 31
83
11 33
73
52 34
69
71 84
15
84 23
7
29 87
78
87 28
64
73 93
62
45 31
53
64 44
3
3 34
47
22 47
41
66 90
36
38 28
7
79 29
20
24 93
52
98 42
74
82 34
28
15 44
53
59 87
85
18 49
74
17 90
82
91 39
19
75 31
74
94 44
13
33 34
17
52 47
43
10 50
72
1 1
62
54 93
13
12 96
7
86 45
82
45 44
33
3 47
44
89 50
62
80 1
50
47 53
48
79 42
77
98 55
63
63 34
99
82 47
32
21 37
69
40 50
44
72 2
96
75 44
92
42 96
60
33 47
66
74 48
80
93 61
56
10 63
95
51 64
14
68 4
51
67 45
94
26 7
25
86 58
20
70 50
37
89 63
81
28 53
98
47 66
65
19 4
10
60 5
57
5 69
55
63 47
29
21 50
93
40 63
90
81 64
38
53 2
72
72 15
28
56 7
49
14 10
60
74 61
49
93 74
95
13 51
2
32 64
16
51 77
50
49 4
85
90 5
15
16 56
27
35 69
19
7 7
88
67 58
63
26 20
89
70 63
25
9 53
59
83 2
90
28 66
14
69 67
65
41 5
17
60 18
6
5 82
74
44 10
94
2 13
33
62 64
17
81 77
26
34 2
44
20 67
99
39 80
47
37 7
86
23 72
51
97 21
78
56 20
74
14 23
51
55 24
39
96 62
79
13 64
23
99 67
82
32 77
34
71 5
93
16 69
50
90 18
82
35 82
24
76 83
23
29 8
64
48 21
42
6 24
70
92 64
20
9 66
88
50 67
6
69 80
14
8 70
66
41 18
14
27 83
18
25 10
86
44 23
31
85 24
59
30 88
55
2 26
89
62 77
67
20 80
73
59 8
62
4 72
35
78 21
80
23 85
42
97 34
5
36 24
79
55 37
6
96 75
55
99 80
18
71 18
72
38 70
48
57 83
20
76 96
84
29 21
5
15 86
42
48 34
48
6 37
46
18 91
36
92 77
17
50 80
44
91 81
77
8 83
39
94 86
52
27 96
97
66 24
54
11 88
21
85 37
6
24 27
37
84 78
28
43 40
43
1 43
83
87 83
76
59 21
64
4 85
3
45 86
87
64 99
69
17 24
37
36 37
83
77 38
85
80 43
51
38 83
18
57 96
24
98 97
88
15 99
7
54 27
79
73 40
45
31 43
60
91 94
42
75 86
14
94 99
13
66 37
14
24 40
41
84 91
44
43 53
25
1 56
49
87 96
35
45 99
43
17 37
22
58 38
41
77 51
23
61 43
44
80 56
45
19 46
37
79 97
53
63 89
14
54 40
1
73 53
8
12 43
69
31 56
68
72 57
70
75 99
95
88 38
23
47 0
22
46 41
80
5 3
32
65 54
25
49 46
56
68 59
32
26 62
58
58 51
57
42 43
75
61 56
97
0 46
18
19 59
72
93 8
43
51 11
36
35 3
37
95 54
16
12 56
21
53 57
50
72 70
51
56 62
11
28 0
44
88 51
36
14 65
47
47 13
98
46 54
32
5 16
88
65 67
79
49 59
77
68 72
62
7 62
99
81 11
41
26 75
87
20 1
37
39 14
53
23 6
64
42 56
82
83 57
28
0 59
62
74 8
21
41 60
91
60 73
35
44 65
85
32 11
48
16 3
50
35 16
27
76 17
73
95 67
72
34 57
47
53 70
76
37 62
21
56 75
65
97 76
86
9 0
16
50 1
15
69 14
95
14 78
14
27 17
95
30 22
81
71 60
44
90 73
13
62 11
76
7 75
80
48 76
46
20 14
74
6 79
16
39 27
68
4 6
76
23 19
70
83 70
79
96 9
43
41 73
47
60 86
38
25 65
41
99 14
38
13 11
24
44 78
89
16 16
97
57 17
91
2 81
47
76 30
77
15 20
25
34 70
78
92 11
2
37 75
68
18 25
61
78 76
66
97 89
28
50 14
7
36 79
5
69 27
98
55 92
81
8 17
57
27 30
38
11 22
21
71 73
40
30 35
33
90 86
17
84 12
2
29 76
7
48 89
14
87 17
48
6 92
54
4 19
89
45 20
43
64 33
96
96 22
80
22 36
38
25 78
65
99 27
5
66 79
70
85 92
11
38 17
18
57 30
30
98 31
99
43 95
83
2 94
49
15 33
68
1 98
45
18 38
45
59 76
94
78 89
50
17 79
46
91 28
32
36 92
68
75 20
98
8 30
100
94 33
79
11 35
89
52 36
36
84 25
74
29 89
3
87 30
76
73 95
71
45 33
29
31 98
33
64 46
70
3 36
86
22 49
49
66 92
92
38 30
24
79 31
41
24 95
9
98 44
10
82 36
93
40 39
46
59 89
79
17 92
37
91 41
62
58 93
3
75 33
69
94 46
55
61 98
46
33 36
50
52 49
19
93 50
19
10 52
1
54 95
92
67 34
29
12 98
78
86 47
23
70 39
53
3 49
19
89 52
66
80 3
32
88 93
21
47 55
69
79 44
6
63 36
89
82 49
8
21 39
35
40 52
29
72 4
77
42 98
26
33 49
33
74 50
92
93 63
43
65 1
98
32 53
6
51 66
35
68 6
5
67 47
84
26 9
51
86 60
72
70 52
66
89 65
64
9 42
19
28 55
80
47 68
38
19 6
40
60 7
93
5 71
37
63 49
41
21 52
27
62 53
52
95 1
57
81 66
36
53 4
74
72 17
44
39 69
44
56 9
48
14 12
30
74 63
5
13 53
36
32 66
90
51 79
58
16 58
28
90 7
88
35 71
83
7 9
18
48 10
68
92 53
76
9 55
72
83 4
58
28 68
80
69 69
2
41 7
94
60 20
76
5 84
24
44 12
90
2 15
47
62 66
13
81 79
93
34 4
44
20 69
61
39 82
11
37 9
89
78 10
50
23 74
67
97 23
14
14 25
1
55 26
64
96 64
47
13 66
67
99 69
11
71 7
25
16 71
34
90 20
76
76 85
2
29 10
80
48 23
15
6 26
87
92 66
94
50 69
65
69 82
22
41 20
24
8 72
64
27 85
66
25 12
73
44 25
95
85 26
74
30 90
33
11 77
5
2 28
60
43 29
33
84 67
86
87 72
88
20 82
98
59 10
49
4 74
6
78 23
8
23 87
31
64 88
22
97 36
74
17 13
15
36 26
40
55 39
39
96 77
9
99 82
15
38 72
24
57 85
18
76 98
89
29 23
3
15 88
17
73 29
93
6 39
68
18 93
35
50 82
74
91 83
98
8 85
62
94 88
33
27 98
43
66 26
90
11 90
10
85 39
68
24 29
81
43 42
22
84 80
9
1 45
73
87 85
73
59 23
4
45 88
26
17 26
71
3 91
50
77 40
42
36 39
1
80 45
73
38 85
32
79 86
22
98 99
2
54 29
9
73 42
3
12 32
62
31 45
9
91 96
9
75 88
62
33 91
6
66 39
22
24 42
99
65 43
87
68 48
22
1 58
18
58 40
58
77 53
73
42 32
23
61 45
69
80 58
66
19 48
61
79 99
27
63 91
75
51 0
34
54 42
68
95 43
23
12 45
81
31 58
28
72 59
18
47 2
42
88 40
25
5 5
2
46 43
13
65 56
26
49 48
84
68 61
53
7 51
10
81 0
37
26 64
27
39 3
1
58 53
22
42 45
62
61 58
21
0 48
85
19 61
26
60 62
32
93 10
21
32 0
91
51 13
58
35 5
16
95 56
9
34 46
64
53 59
100
72 72
74
37 51
76
56 64
44
28 2
68
69 3
33
14 67
100
88 53
61
46 56
75
5 18
34
49 61
36
90 62
100
62 0
95
7 64
1
81 13
92
26 77
27
20 3
42
39 16
53
23 8
80
83 59
42
0 61
43
41 62
84
60 75
23
13 0
73
99 3
31
44 67
75
32 13
84
16 5
63
35 18
35
76 19
50
2 70
97
34 59
67
53 72
72
92 0
75
37 64
69
56 77
80
97 78
34
9 2
3
50 3
76
69 16
58
14 80
52
55 81
12
8 6
69
27 19
10
11 11
26
71 62
98
30 24
43
90 75
46
29 65
7
62 13
59
48 78
73
20 16
74
6 81
90
4 8
88
23 21
12
64 22
20
83 72
36
96 11
29
41 75
70
25 67
9
99 16
52
44 80
1
85 81
1
38 6
9
57 19
80
2 83
31
76 32
93
15 22
12
92 13
52
18 27
73
59 65
56
78 78
97
97 91
78
50 16
92
91 17
86
36 81
93
55 94
60
8 19
9
94 22
44
27 32
30
11 24
70
71 75
87
30 37
3
84 14
58
29 78
51
48 91
91
87 19
8
6 94
80
4 21
30
45 22
86
64 35
19
22 38
2
25 80
19
66 81
1
85 94
32
38 19
44
24 84
74
98 33
29
43 97
3
57 32
62
15 35
71
59 78
56
18 40
44
78 91
22
17 81
29
91 30
51
36 94
81
77 95
56
75 22
97
94 35
18
33 25
2
52 38
65
84 27
50
10 41
48
87 32
91
54 84
13
73 97
84
45 35
68
86 36
5
3 38
74
89 41
16
22 51
85
66 94
63
79 33
66
24 97
33
98 46
83
63 25
16
82 38
15
40 41
96
17 94
2
58 95
36
75 35
93
33 38
88
52 51
100
93 52
19
10 54
82
54 97
36
67 36
24
86 49
70
70 41
86
89 54
69
47 57
86
88 95
55
79 46
76
46 98
78
5 60
57
63 38
83
82 51
52
21 41
23
40 54
55
72 6
86
14 1
2
74 52
38
93 65
94
32 55
8
65 3
18
51 68
24
68 8
26
35 60
73
67 49
23
26 11
15
70 54
14
9 44
66
28 57
62
47 70
34
60 9
38
5 73
71
44 1
19
21 54
24
62 55
90
81 68
33
53 6
92
39 71
24
56 11
77
97 12
14
14 14
26
74 65
33
13 55
66
32 68
36
51 81
89
16 60
17
90 9
58
35 73
97
7 11
49
48 12
8
6 15
38
92 55
46
9 57
10
50 58
87
83 6
27
69 71
33
41 9
72
27 74
91
60 22
89
25 1
50
44 14
25
30 79
68
2 17
38
62 68
71
34 6
37
20 71
65
39 84
68
4 63
49
78 12
92
23 76
67
97 25
11
37 11
21
36 15
29
55 28
20
96 66
50
13 68
74
99 71
24
71 9
29
16 73
67
57 74
13
90 22
74
76 87
68
29 12
76
48 25
95
6 28
45
92 68
74
50 71
31
69 84
35
8 74
55
27 87
82
25 14
51
66 15
96
11 79
82
85 28
37
30 92
22
2 30
64
43 31
42
84 69
25
87 74
28
1 34
55
59 12
77
4 76
58
78 25
92
23 89
66
64 90
65
17 15
37
36 28
44
22 93
58
55 41
99
96 79
22
99 84
23
38 74
46
57 87
98
29 25
68
15 90
96
73 31
25
18 95
9
31 34
41
91 85
97
8 87
72
94 90
30
66 28
12
11 92
76
85 41
48
52 93
50
24 31
96
43 44
74
84 82
31
87 87
72
1 47
57
59 25
77
45 90
66
17 28
93
58 29
46
3 93
19
77 42
93
61 34
17
80 47
45
38 87
45
79 88
74
82 93
76
54 31
62
73 44
3
12 34
46
31 47
47
91 98
63
75 90
2
88 29
90
33 93
2
24 44
30
65 45
66
68 50
40
26 53
85
58 42
2
77 55
56
42 34
6
61 47
65
80 60
98
0 37
34
19 50
35
63 93
4
51 2
15
21 96
58
95 45
24
54 44
18
12 47
30
53 48
71
72 61
20
89 1
51
56 53
82
47 4
79
88 42
1
46 45
24
5 7
6
65 58
33
49 50
13
68 63
16
7 53
35
81 2
80
26 66
58
39 5
79
42 47
64
83 48
63
0 50
62
19 63
90
60 64
27
32 2
36
51 15
8
35 7
81
95 58
45
34 48
6
53 61
20
72 74
14
37 53
37
56 66
64
28 4
32
69 5
49
14 69
26
46 58
33
49 63
57
90 64
1
62 2
2
7 66
55
81 15
79
48 67
69
20 5
84
39 18
10
23 10
3
83 61
74
96 0
39
41 64
67
60 77
31
13 2
63
99 5
25
44 69
100
25 56
91
16 7
3
57 8
28
2 72
85
76 21
29
34 61
67
92 2
14
37 66
32
78 67
5
97 80
53
50 5
82
69 18
36
14 82
66
55 83
71
8 8
6
27 21
34
11 13
74
71 64
86
30 26
95
90 77
2
84 3
53
29 67
100
48 80
17
87 8
42
20 18
6
6 83
85
4 10
30
23 23
50
64 24
38
96 13
29
41 77
76
25 69
10
99 18
91
44 82
71
85 83
95
38 8
23
57 21
4
2 85
90
43 86
4
76 34
12
15 24
75
59 67
7
18 29
55
78 80
60
97 93
64
50 18
33
17 70
38
36 83
70
91 19
1
55 96
30
8 21
66
94 24
4
11 26
78
71 77
10
84 16
53
29 80
28
87 21
51
73 86
89
6 96
53
45 24
56
64 37
50
3 27
78
22 40
82
66 83
96
85 96
8
38 21
82
79 22
62
24 86
26
98 35
3
43 99
44
82 27
37
15 37
8
18 42
7
59 80
99
17 83
47
91 32
62
36 96
29
77 97
41
75 24
83
94 37
16
33 27
6
52 40
98
10 43
13
54 86
47
73 99
83
45 37
13
86 38
14
12 89
12
3 40
22
89 43
65
22 53
100
66 96
100
79 35
78
24 99
78
98 48
2
63 27
76
82 40
79
40 43
84
58 97
6
75 37
32
42 89
35
33 40
16
74 41
67
93 54
11
10 56
30
51 57
26
54 99
98
67 38
73
26 0
18
86 51
82
70 43
42
89 56
89
28 46
82
47 59
17
88 97
82
5 62
36
63 40
58
21 43
81
40 56
45
81 57
18
72 8
10
56 0
5
14 3
39
74 54
21
93 67
43
32 57
95
51 70
12
35 62
95
7 0
74
67 51
91
26 13
19
70 56
9
9 46
81
28 59
97
47 72
23
60 11
34
5 75
94
44 3
13
2 6
43
62 57
72
81 70
7
20 60
3
53 8
96
39 73
90
37 0
68
23 65
50
97 14
72
56 13
30
14 16
92
96 55
20
55 17
66
13 57
15
32 70
14
16 62
56
90 11
52
35 75
65
76 76
47
29 1
94
48 14
100
6 17
3
92 57
72
9 59
5
50 60
64
83 8
65
69 73
90
41 11
39
27 76
58
25 3
14
44 16
55
85 17
52
30 81
84
2 19
7
62 70
56
20 73
35
39 86
29
59 1
15
4 65
23
78 14
11
23 78
57
97 27
98
36 17
30
55 30
21
96 68
10
99 73
25
71 11
88
16 75
68
57 76
67
76 89
58
29 14
41
15 79
32
48 27
49
6 30
93
92 70
30
18 84
35
50 73
48
69 86
76
8 76
62
27 89
39
25 16
85
66 17
64
11 81
97
85 30
76
30 94
58
24 20
17
84 71
83
43 33
50
87 76
61
1 36
81
59 14
56
4 78
44
78 27
19
45 79
100
64 92
24
17 17
80
36 30
84
77 31
53
22 95
97
80 36
27
38 76
43
57 89
36
98 90
75
15 92
34
54 20
13
73 33
71
18 97
21
31 36
23
91 87
19
75 79
62
8 89
19
94 92
65
66 30
28
11 94
77
52 95
13
24 33
17
43 46
99
10 98
8
84 84
56
87 89
81
1 49
46
45 92
87
17 30
57
58 31
74
3 95
55
77 44
80
61 36
4
80 49
7
19 39
42
79 90
98
82 95
10
54 33
5
40 98
11
73 46
16
12 36
15
31 49
74
72 50
53
75 92
93
88 31
6
33 95
2
46 34
14
65 47
94
49 39
10
68 52
75
67 93
19
26 55
75
58 44
35
70 98
93
42 36
50
61 49
100
0 39
50
19 52
36
93 1
55
63 95
32
51 4
16
21 98
93
95 47
46
12 49
60
53 50
81
72 63
29
56 55
82
88 44
45
47 6
95
14 58
78
5 9
51
46 47
40
65 60
5
49 52
99
68 65
62
7 55
77
81 4
68
26 68
77
39 7
67
42 49
70
83 50
72
0 52
40
41 53
49
74 1
60
60 66
65
32 4
89
44 58
14
35 9
72
95 60
28
34 50
74
53 63
22
37 55
93
56 68
6
97 69
50
69 7
27
14 71
40
27 10
78
71 53
87
30 15
10
90 66
48
62 4
33
7 68
14
48 69
92
20 7
8
39 20
22
6 72
59
23 12
22
83 63
13
96 2
100
41 66
17
60 79
17
13 4
32
99 7
55
44 71
96
25 58
42
16 9
60
57 10
65
2 74
3
76 23
58
34 63
63
92 4
50
37 68
66
78 69
86
97 82
70
50 7
86
36 72
18
69 20
48
55 85
44
8 10
42
27 23
100
11 15
44
71 66
2
30 28
75
90 79
75
84 5
76
29 69
32
48 82
68
87 10
7
6 85
74
4 12
91
64 26
41
96 15
46
22 29
9
25 71
71
99 20
94
66 72
56
85 85
86
38 10
33
57 23
77
2 87
54
43 88
95
98 24
50
15 26
71
18 31
24
59 69
57
78 82
41
17 72
16
91 21
44
36 85
93
55 98
40
75 13
49
8 23
86
94 26
90
11 28
5
52 29
58
84 18
90
29 82
7
87 23
50
73 88
25
45 26
43
64 39
1
31 91
98
3 29
22
22 42
78
66 85
70
85 98
31
38 23
69
79 24
72
24 88
51
98 37
34
82 29
6
15 39
73
18 44
85
59 82
43
17 85
75
91 34
96
58 86
28
77 99
8
75 26
96
94 39
73
61 91
4
33 29
81
52 42
100
10 45
43
54 88
83
67 27
87
12 91
16
86 40
74
3 42
35
89 45
2
88 86
85
47 48
70
79 37
93
63 29
68
82 42
42
21 32
80
40 45
43
58 99
76
42 91
67
33 42
67
74 43
19
0 94
40
93 56
96
10 58
24
51 59
98
67 40
32
26 2
74
86 53
67
70 45
71
89 58
3
28 48
35
88 99
8
47 61
61
60 0
5
5 64
67
63 42
12
21 45
46
40 58
61
81 59
68
39 62
26
72 10
94
56 2
46
14 5
32
74 56
96
93 69
17
13 46
30
32 59
82
51 72
40
16 51
77
90 0
59
35 64
37
7 2
47
48 3
9
92 46
9
9 48
90
28 61
63
69 62
55
41 0
27
60 13
51
5 77
93
44 5
16
2 8
22
62 59
88
81 72
62
20 62
93
39 75
47
37 2
78
78 3
26
23 67
12
97 16
75
14 18
52
55 19
58
96 57
95
13 59
28
99 62
46
32 72
78
71 0
87
16 64
98
90 13
74
35 77
15
76 78
36
29 3
41
48 16
51
92 59
50
6 19
87
9 61
15
50 62
57
69 75
61
8 65
72
41 13
92
27 78
19
25 5
76
11 70
97
85 19
51
30 83
15
44 18
4
2 21
48
43 22
48
20 75
39
59 3
31
4 67
77
78 16
25
23 80
72
64 81
32
97 29
44
17 6
32
36 19
27
55 32
74
96 70
41
99 75
89
38 65
96
71 13
87
57 78
21
76 91
56
29 16
12
15 81
55
73 22
37
18 86
27
6 32
77
50 75
30
91 76
2
8 78
24
94 81
28
27 91
24
66 19
74
11 83
9
85 32
82
30 96
90
24 22
33
84 73
2
43 35
16
87 78
48
1 38
61
59 16
100
4 80
56
45 81
72
64 94
63
17 19
47
36 32
35
77 33
57
3 84
97
22 97
98
80 38
11
38 78
29
57 91
26
98 92
72
15 94
77
54 22
90
73 35
94
18 99
27
12 25
15
31 38
61
91 89
86
75 81
68
94 94
80
66 32
3
33 84
93
52 97
54
24 35
89
65 36
41
68 41
30
1 51
24
87 91
40
45 94
67
86 95
56
58 33
26
3 97
40
77 46
71
42 25
20
61 38
90
80 51
68
19 41
97
79 92
49
63 84
15
82 97
8
54 35
42
95 36
96
12 38
96
31 51
18
72 52
52
75 94
11
88 33
100
33 97
47
46 36
100
65 49
29
49 41
4
68 54
90
7 44
9
67 95
96
26 57
81
58 46
58
42 38
16
61 51
38
0 41
32
19 54
28
93 3
25
60 55
23
63 97
68
51 6
26
95 49
78
34 39
95
53 52
32
72 65
31
37 44
7
56 57
34
14 60
69
88 46
46
5 11
39
46 49
82
49 54
12
90 55
7
7 57
92
81 6
39
26 70
38
39 9
78
23 1
10
83 52
57
0 54
11
41 55
30
60 68
17
44 60
69
32 6
47
2 63
95
35 11
97
76 12
87
34 52
39
53 65
35
37 57
63
56 70
57
97 71
57
69 9
64
14 73
13
55 74
66
27 12
20
71 55
1
30 17
35
90 68
62
62 6
41
29 58
70
48 71
93
20 9
18
6 74
51
39 22
85
4 1
34
23 14
63
83 65
7
96 4
53
41 68
78
25 60
20
99 9
85
44 73
49
85 74
34
57 12
42
2 76
27
76 25
94
15 15
61
92 6
80
59 58
78
78 71
95
18 20
85
97 84
18
50 9
62
91 10
14
36 74
38
55 87
63
8 12
20
27 25
58
11 17
63
71 68
53
30 30
44
84 7
82
29 71
10
48 84
80
87 12
58
6 87
53
4 14
42
45 15
58
64 28
50
22 31
35
25 73
67
66 74
10
85 87
73
38 12
98
24 77
13
57 25
46
98 26
13
43 90
78
15 28
78
1 93
88
59 71
50
18 33
57
78 84
31
17 74
87
91 23
43
36 87
49
77 88
72
75 15
27
94 28
11
11 30
40
52 31
30
84 20
84
10 34
82
54 77
40
87 25
45
73 90
71
45 28
4
64 41
93
31 93
31
3 31
95
22 44
20
66 87
9
79 26
37
24 90
51
98 39
40
82 31
81
40 34
66
17 87
53
58 88
49
75 28
35
61 93
93
33 31
60
52 44
72
93 45
49
10 47
59
54 90
78
67 29
86
12 93
43
86 42
33
70 34
93
3 44
41
89 47
8
88 88
21
47 50
26
5 53
78
79 39
78
46 91
43
63 31
89
82 44
13
49 96
11
21 34
68
40 47
51
42 93
52
33 44
23
74 45
18
0 96
13
93 58
22
32 48
43
51 61
8
68 1
86
35 53
14
26 4
14
67 42
74
70 47
19
89 60
36
9 37
47
28 50
80
47 63
56
60 2
38
5 66
24
21 47
76
62 48
66
81 61
33
39 64
88
56 4
70
97 5
11
14 7
56
74 58
80
13 48
36
32 61
52
51 74
64
16 53
66
90 2
30
35 66
36
7 4
93
48 5
89
92 48
39
6 8
13
9 50
35
28 63
32
69 64
17
41 2
41
27 67
82
60 15
42
44 7
15
30 72
38
2 10
36
62 61
74
81 74
92
20 64
58
39 77
26
37 4
20
78 5
83
23 69
8
97 18
21
4 56
8
36 8
10
55 21
27
96 59
77
13 61
69
99 64
94
71 2
75
16 66
46
57 67
86
90 15
76
76 80
98
29 5
15
48 18
39
92 61
54
6 21
38
50 64
65
69 77
13
8 67
67
27 80
62
25 7
48
66 8
37
11 72
2
85 21
59
30 85
16
2 23
21
43 24
80
84 62
1
87 67
91
20 77
49
1 27
86
59 5
14
4 69
13
78 18
76
23 82
55
64 83
62
17 8
99
36 21
98
55 34
65
96 72
11
22 86
74
99 77
38
38 67
86
57 80
93
76 93
83
29 18
84
15 83
55
73 24
29
18 88
23
31 27
20
50 77
32
91 78
26
8 80
62
94 83
76
66 21
38
11 85
71
85 34
7
52 86
47
24 24
94
84 75
16
43 37
94
1 40
94
87 80
98
59 18
75
45 83
38
64 96
83
17 21
52
58 22
75
3 86
45
77 35
69
22 99
69
61 27
92
80 40
54
38 80
27
79 81
80
98 94
41
82 86
7
15 96
43
54 24
90
73 37
51
12 27
61
31 40
40
91 91
91
75 83
98
94 96
57
88 22
40
33 86
56
52 99
26
24 37
43
65 38
9
68 43
68
45 96
88
86 97
35
58 35
82
3 99
83
77 48
3
42 27
44
61 40
26
80 53
86
0 30
20
19 43
79
79 94
77
63 86
12
82 99
99
54 37
84
21 89
17
95 38
79
12 40
18
53 41
23
72 54
97
56 46
10
75 96
73
88 35
80
33 99
13
46 38
72
5 0
3
65 51
34
49 43
26
68 56
76
7 46
86
26 59
99
67 97
1
42 40
5
83 41
37
0 43
65
19 56
72
60 57
16
63 99
14
51 8
58
35 0
56
95 51
1
34 41
61
53 54
89
72 67
26
37 46
36
56 59
3
14 62
67
46 51
58
5 13
62
49 56
85
90 57
57
7 59
55
81 8
30
48 60
22
39 11
41
23 3
93
83 54
33
41 57
12
60 70
51
25 49
15
44 62
55
16 0
72
2 65
62
76 14
64
35 13
65
34 54
48
37 59
67
78 60
61
97 73
94
69 11
11
14 75
92
55 76
8
8 1
73
27 14
49
11 6
74
30 19
92
71 57
78
90 70
88
29 60
66
48 73
23
20 11
34
6 76
4
4 3
30
23 16
46
64 17
63
96 6
56
41 70
63
25 62
4
99 11
69
44 75
51
85 76
29
38 1
30
57 14
73
2 78
43
76 27
18
15 17
23
18 22
91
59 60
23
78 73
95
97 86
1
17 63
71
91 12
58
36 76
7
50 11
47
55 89
14
8 14
26
94 17
28
27 27
37
11 19
45
71 70
57
30 32
31
84 9
8
29 73
7
87 14
34
73 79
68
6 89
95
4 16
8
45 17
59
64 30
67
3 20
7
22 33
9
66 76
52
85 89
7
38 14
18
24 79
71
98 28
62
43 92
26
57 27
81
15 30
9
1 95
49
59 73
17
18 35
84
17 76
67
91 25
46
36 89
61
77 90
58
75 17
34
94 30
93
80 95
23
33 20
2
52 33
16
10 36
12
54 79
59
73 92
16
45 30
78
86 31
95
31 95
3
3 33
55
89 36
98
22 46
79
66 89
18
79 28
35
24 92
83
98 41
52
63 20
19
82 33
84
40 36
91
58 90
31
42 82
97
75 30
5
61 95
51
33 33
49
19 98
37
52 46
86
93 47
23
10 49
13
51 50
53
54 92
51
95 93
82
67 31
99
12 95
55
86 44
81
70 36
42
89 49
31
28 39
30
88 90
20
47 52
61
46 93
55
5 55
11
63 33
80
49 98
64
82 46
84
21 36
6
40 49
64
81 50
19
72 1
29
42 95
11
0 98
49
74 47
90
93 60
18
32 50
71
51 63
30
35 55
38
67 44
65
26 6
16
70 49
40
9 39
89
28 52
49
47 65
60
60 4
57
5 68
66
21 49
8
62 50
81
81 63
100
20 53
92
53 1
60
39 66
70
23 58
70
97 7
82
56 6
33
14 9
18
55 10
73
74 60
12
13 50
52
32 63
51
16 55
47
90 4
46
35 68
54
76 69
70
48 7
90
6 10
99
92 50
35
9 52
5
50 53
91
83 1
2
69 66
71
41 4
37
27 69
100
44 9
51
85 10
13
30 74
75
2 12
100
62 63
88
20 66
17
39 79
35
4 58
61
78 7
3
23 71
3
97 20
68
36 10
23
55 23
29
96 61
95
13 63
74
99 66
54
71 4
8
16 68
18
57 69
66
76 82
24
29 7
83
15 72
77
48 20
2
6 23
79
92 63
30
18 77
5
50 66
65
69 79
27
8 69
15
27 82
59
25 9
60
66 10
81
11 74
77
85 23
79
30 87
81
24 13
63
43 26
63
84 64
16
87 69
76
1 29
100
59 7
62
4 71
21
45 72
43
78 20
85
64 85
71
17 10
65
36 23
41
77 24
47
22 88
26
96 74
53
80 29
22
99 79
71
38 69
34
57 82
33
98 83
94
15 85
67
54 13
92
73 26
52
18 90
85
31 29
5
91 80
79
75 72
1
8 82
78
94 85
85
66 23
89
11 87
73
52 88
24
24 26
19
43 39
79
84 77
66
10 91
2
1 42
54
87 82
86
45 85
66
64 98
22
17 23
72
58 24
57
3 88
59
77 37
22
61 29
45
80 42
54
19 32
25
38 82
100
79 83
30
98 96
56
82 88
71
54 26
64
40 91
7
73 39
7
12 29
66
31 42
27
72 43
69
91 93
56
75 85
24
94 98
72
88 24
47
33 88
5
46 27
17
65 40
90
49 32
64
68 45
58
67 86
54
26 48
37
86 99
15
70 91
74
58 37
76
42 29
16
61 42
53
0 32
49
19 45
34
79 96
12
63 88
15
21 91
41
95 40
2
12 42
85
53 43
21
72 56
50
56 48
100
88 37
27
46 40
83
5 2
17
65 53
8
49 45
21
68 58
11
7 48
70
26 61
88
67 99
33
39 0
87
9 94
4
83 43
85
42 42
6
0 45
82
41 46
97
60 59
59
51 10
40
35 2
62
95 53
95
34 43
69
53 56
45
37 48
3
56 61
65
97 62
85
69 0
38
14 64
52
27 3
94
30 8
69
71 46
97
90 59
45
7 61
53
81 10
82
48 62
65
20 0
84
39 13
14
23 5
57
83 56
24
41 59
91
60 72
33
25 51
18
99 0
99
44 64
95
16 2
49
57 3
81
2 67
19
76 16
64
34 56
19
37 61
54
78 62
23
97 75
57
50 0
84
69 13
24
14 77
81
55 78
16
8 3
20
27 16
28
11 8
55
30 21
50
71 59
35
90 72
19
29 62
54
48 75
97
87 3
12
20 13
12
6 78
65
4 5
93
23 18
26
64 19
82
22 22
96
96 8
53
25 64
8
66 65
6
99 13
12
85 78
79
38 3
77
57 16
39
2 80
57
76 29
15
43 81
85
15 19
43
59 62
16
18 24
34
78 75
5
17 65
66
91 14
99
36 78
25
55 91
50
8 16
6
94 19
3
11 21
100
52 22
91
84 11
51
29 75
41
87 16
71
73 81
8
6 91
56
45 19
60
64 32
84
3 22
85
22 35
28
66 78
14
85 91
25
38 16
89
79 17
16
24 81
87
98 30
95
43 94
48
82 22
21
15 32
50
1 97
50
18 37
10
59 75
6
17 78
60
91 27
13
77 92
73
75 19
22
94 32
83
80 97
23
33 22
45
52 35
99
10 38
44
54 81
25
73 94
6
12 84
32
45 32
72
31 97
59
86 33
80
3 35
45
89 38
83
47 41
5
88 79
17
79 30
76
24 94
98
65 95
63
98 43
79
63 22
28
82 35
4
21 25
4
40 38
2
58 92
60
75 32
22
42 84
64
61 97
20
33 35
37
74 36
32
93 49
32
10 51
43
51 52
49
54 94
41
95 95
29
67 33
44
12 97
41
86 46
99
70 38
10
89 51
79
28 41
72
88 92
34
47 54
6
5 57
32
46 95
5
63 35
6
21 38
56
40 51
27
81 52
16
72 3
11
39 55
44
42 97
75
74 49
38
93 62
71
13 39
85
32 52
92
51 65
92
16 44
87
35 57
19
34 98
21
67 46
15
70 51
40
9 41
4
28 54
73
69 55
2
60 6
40
5 70
13
2 1
45
62 52
45
81 65
74
20 55
7
39 68
74
23 60
14
97 9
16
14 11
2
55 12
92
96 50
57
13 52
87
99 55
82
32 65
36
16 57
100
90 6
15
35 70
80
76 71
58
48 9
45
92 52
12
6 12
28
9 54
14
50 55
92
69 68
24
41 6
16
8 58
75
27 71
30
44 11
74
11 63
95
30 76
74
85 12
55
2 14
20
43 15
76
62 65
8
20 68
87
4 60
80
78 9
86
23 73
42
64 74
66
97 22
27
36 12
76
55 25
87
96 63
79
99 68
51
38 58
54
71 6
68
57 71
45
76 84
97
29 9
84
15 74
22
73 15
74
18 79
24
92 65
38
6 25
79
50 68
92
91 69
63
8 71
18
94 74
18
27 84
19
66 12
89
11 76
56
85 25
42
30 89
68
24 15
76
43 28
31
84 66
34
1 31
14
87 71
36
59 9
18
4 73
82
45 74
18
64 87
41
17 12
92
36 25
54
77 26
83
3 77
1
22 90
4
80 31
89
38 71
75
57 84
34
98 85
35
15 87
62
54 15
48
73 28
65
18 92
57
12 18
10
31 31
42
91 82
45
75 74
42
94 87
65
66 25
2
33 77
87
52 90
25
24 28
22
65 29
56
84 79
26
10 93
63
87 84
89
1 44
45
45 87
92
86 88
68
58 26
78
3 90
16
77 39
67
89 93
41
42 18
77
61 31
4
80 44
63
19 34
52
79 85
61
98 98
10
63 77
34
82 90
83
54 28
2
95 29
33
40 93
87
12 31
26
31 44
42
72 45
10
75 87
20
88 26
81
33 90
15
46 29
28
65 42
8
49 34
83
68 47
52
26 50
96
67 88
1
58 39
22
70 93
3
42 31
87
61 44
36
28 96
60
0 34
6
19 47
73
79 98
29
63 90
97
21 93
79
95 42
93
34 32
86
53 45
48
72 58
10
37 37
86
56 50
43
88 39
95
14 53
21
47 1
74
46 42
85
5 4
99
49 47
61
90 48
27
7 50
27
26 63
80
39 2
83
9 96
32
83 45
61
0 47
36
41 48
22
60 61
18
44 53
3
35 4
99
76 5
15
34 45
1
53 58
70
37 50
23
56 63
77
97 64
14
69 2
71
14 66
14
27 5
78
71 48
73
30 10
54
90 61
23
48 64
43
20 2
98
6 67
46
39 15
53
23 7
18
83 58
84
41 61
37
25 53
46
99 2
61
44 66
68
16 4
42
57 5
88
2 69
2
76 18
94
15 8
62
18 13
18
59 51
47
78 64
82
97 77
81
50 2
28
36 67
84
69 15
74
55 80
14
8 5
41
27 18
40
11 10
31
71 61
31
30 23
9
84 0
61
29 64
49
48 77
83
87 5
14
6 80
29
4 7
69
45 8
13
64 21
72
22 24
12
25 66
81
66 67
23
99 15
44
85 80
29
38 5
24
57 18
52
98 19
13
2 82
9
43 83
43
15 21
38
1 86
27
59 64
77
18 26
80
78 77
72
17 67
100
91 16
41
36 80
60
55 93
55
75 8
90
8 18
61
94 21
93
11 23
81
52 24
12
10 27
89
84 13
66
87 18
92
73 83
86
45 21
12
64 34
47
31 86
6
3 24
73
22 37
60
66 80
56
38 18
2
79 19
18
24 83
43
98 32
14
43 96
16
82 24
60
1 99
48
40 27
16
17 80
98
91 29
43
58 81
77
77 94
49
75 21
1
94 34
1
61 86
88
80 99
18
33 24
84
52 37
66
93 38
96
10 40
25
54 83
64
73 96
28
67 22
31
12 86
21
86 35
75
31 99
6
70 27
86
3 37
84
89 40
43
88 81
11
47 43
22
5 46
83
79 32
20
65 97
21
24 96
15
63 24
97
82 37
29
21 27
81
40 40
82
58 94
66
42 86
21
61 99
22
33 37
85
74 38
98
0 89
92
93 51
79
32 41
50
51 54
81
35 46
31
95 97
23
67 35
2
12 99
1
86 48
15
70 40
13
89 53
72
9 30
94
28 43
82
88 94
64
47 56
42
5 59
24
46 97
40
63 37
76
21 40
78
62 41
2
81 54
83
39 57
88
42 99
67
14 0
34
74 51
53
13 41
8
32 54
74
51 67
90
16 46
29
35 59
43
92 41
66
9 43
13
28 56
75
69 57
100
60 8
20
27 60
24
44 0
39
30 65
41
2 3
23
62 54
90
81 67
76
20 57
20
39 70
96
4 49
64
23 62
64
97 11
98
36 1
91
55 14
90
96 52
80
13 54
82
99 57
93
16 59
55
57 60
69
90 8
81
76 73
59
48 11
31
92 54
27
6 14
21
50 57
37
69 70
39
8 60
27
27 73
93
25 0
93
66 1
28
11 65
26
85 14
69
30 78
89
2 16
76
43 17
89
84 55
32
87 60
100
20 70
29
4 62
25
78 11
32
23 75
76
64 76
77
17 1
28
36 14
31
55 27
26
22 79
10
96 65
90
99 70
92
38 60
63
57 73
86
76 86
70
29 11
28
15 76
47
73 17
50
18 81
12
50 70
100
91 71
37
8 73
51
94 76
52
66 14
76
11 78
1
52 79
2
85 27
22
24 17
75
43 30
32
84 68
91
87 73
71
1 33
13
59 11
64
45 76
42
64 89
51
17 14
77
58 15
92
3 79
59
77 28
30
22 92
22
61 20
50
80 33
44
38 73
83
79 74
58
98 87
60
82 79
71
15 89
16
54 17
30
73 30
38
18 94
7
12 20
73
31 33
62
91 84
75
75 76
2
94 89
32
88 15
98
33 79
23
52 92
10
24 30
65
65 31
50
10 95
9
68 36
100
1 46
63
45 89
82
86 90
95
58 28
5
3 92
22
89 95
2
77 41
9
42 20
78
61 33
30
80 46
38
47 98
29
19 36
82
79 87
77
63 79
24
82 92
8
54 30
18
21 82
27
40 95
68
95 31
31
12 33
99
72 47
69
75 89
95
88 28
92
33 92
88
74 93
85
46 31
5
65 44
88
49 36
89
68 49
100
7 39
82
26 52
47
67 90
4
70 95
82
42 33
31
83 34
63
28 98
34
0 36
18
19 49
21
60 50
86
63 92
79
51 1
85
21 95
79
95 44
70
34 34
9
53 47
65
72 60
39
37 39
53
56 52
4
14 55
38
5 6
6
46 44
53
13 96
2
49 49
61
90 50
66
7 52
12
81 1
47
26 65
64
39 4
64
9 98
53
83 47
67
41 50
26
60 63
35
32 1
96
44 55
90
2 58
6
76 7
44
35 6
8
34 47
6
37 52
15
56 65
52
97 66
62
69 4
80
14 68
16
55 69
92
27 7
60
30 12
8
71 50
42
90 63
1
62 1
52
29 53
21
48 66
81
20 4
16
6 69
72
23 9
72
64 10
38
41 63
7
25 55
42
99 4
86
44 68
15
85 69
12
57 7
23
2 71
32
76 20
98
15 10
30
92 1
98
59 53
74
78 66
75
18 15
49
97 79
65
50 4
24
91 5
25
36 69
30
55 82
5
8 7
95
94 10
4
27 20
36
11 12
35
71 63
12
30 25
40
84 2
53
29 66
64
48 79
31
87 7
17
6 82
61
4 9
36
45 10
5
64 23
19
3 13
77
22 26
66
66 69
77
85 82
20
38 7
54
24 72
82
98 21
7
57 20
86
43 85
67
15 23
9
1 88
66
59 66
41
18 28
7
17 69
24
91 18
86
36 82
98
77 83
4
75 10
37
94 23
91
80 88
37
33 13
55
52 26
45
84 15
12
10 29
37
54 72
53
87 20
14
73 85
13
45 23
64
86 24
39
31 88
91
3 26
21
89 29
57
22 39
12
66 82
36
79 21
84
24 85
32
98 34
97
43 98
93
63 13
47
82 26
56
40 29
58
17 82
20
58 83
44
77 96
84
75 23
63
61 88
13
33 26
65
19 91
52
52 39
96
93 40
18
10 42
61
51 43
90
54 85
36
73 98
84
67 24
98
12 88
13
86 37
87
70 29
87
89 42
41
28 32
92
47 45
13
88 83
61
46 86
15
5 48
67
65 99
10
79 34
53
63 26
87
49 91
69
82 39
25
21 29
49
40 42
20
81 43
80
58 96
81
42 88
86
0 91
59
74 40
38
93 53
89
32 43
26
51 56
14
35 48
43
95 99
16
67 37
97
70 42
7
9 32
52
28 45
23
47 58
4
88 96
47
46 99
10
5 61
10
21 42
68
62 43
68
81 56
30
20 46
83
39 59
35
23 51
35
97 0
71
14 2
26
74 53
21
13 43
27
32 56
49
16 48
76
35 61
52
76 62
61
48 0
47
92 43
80
6 3
89
9 45
69
50 46
53
69 59
60
27 62
7
44 2
87
85 3
85
30 67
82
2 5
50
62 56
60
20 59
44
39 72
82
4 51
41
78 0
21
23 64
41
97 13
60
36 3
42
96 54
59
55 16
27
13 56
80
99 59
96
16 61
32
57 62
19
76 75
76
29 0
52
48 13
78
15 65
5
92 56
73
18 70
81
6 16
61
50 59
51
69 72
39
8 62
57
27 75
84
25 2
61
66 3
70
11 67
18
85 16
100
30 80
42
2 18
85
43 19
95
84 57
42
87 62
56
1 22
43
59 0
25
4 64
62
78 13
18
45 65
2
64 78
14
17 3
7
36 16
28
96 67
93
22 81
58
99 72
30
38 62
28
57 75
16
98 76
26
15 78
91
54 6
92
73 19
19
18 83
81
31 22
18
91 73
50
75 65
64
8 75
57
94 78
20
66 16
13
11 80
58
52 81
50
24 19
16
43 32
67
84 70
100
87 75
95
1 35
49
45 78
65
64 91
95
17 16
64
58 17
7
3 81
37
77 30
15
22 94
83
61 22
19
80 35
17
38 75
77
79 76
32
98 89
8
82 81
42
54 19
96
40 84
21
73 32
91
12 22
32
31 35
90
91 86
33
75 78
87
94 91
1
88 17
84
33 81
30
52 94
70
93 95
66
65 33
47
10 97
78
68 38
93
67 79
43
26 41
29
86 92
55
70 84
65
58 30
43
89 97
81
3 94
21
42 22
48
61 35
2
80 48
21
0 25
91
19 38
30
79 89
89
63 81
6
82 94
86
21 84
37
95 33
85
40 97
85
12 35
44
53 36
80
72 49
46
56 41
3
88 30
77
33 94
17
74 95
45
46 33
70
65 46
13
32 98
14
49 38
21
68 51
68
7 41
91
67 92
11
26 54
35
70 97
1
9 87
52
83 36
35
42 35
60
0 38
11
19 51
45
60 52
44
63 94
98
51 3
79
21 97
72
62 98
35
95 46
9
34 36
71
53 49
97
72 62
14
37 41
64
56 54
48
14 57
40
13 98
81
30 1
6
90 52
71
7 54
28
48 55
17
81 3
99
39 6
15
92 98
37
83 49
13
41 52
5
60 65
72
25 44
58
44 57
57
2 60
20
76 9
54
34 49
10
37 54
11
78 55
61
97 68
14
69 6
91
14 70
16
55 71
76
27 9
45
11 1
99
30 14
78
71 52
92
90 65
19
29 55
62
48 68
57
20 6
42
6 71
4
23 11
18
64 12
1
96 1
60
41 65
27
22 15
48
25 57
4
99 6
78
44 70
80
85 71
35
57 9
15
2 73
35
43 74
7
76 22
70
15 12
55
59 55
48
18 17
27
78 68
60
97 81
70
17 58
45
91 7
11
36 71
8
50 6
32
55 84
27
8 9
21
94 12
47
11 14
34
52 15
84
84 4
42
29 68
68
87 9
61
73 74
92
6 84
36
45 12
19
64 25
55
3 15
72
22 28
23
66 71
37
85 84
5
38 9
49
79 10
80
24 74
76
98 23
90
43 87
23
82 15
66
15 25
68
1 90
26
18 30
89
59 68
89
17 71
25
91 20
58
36 84
56
77 85
90
75 12
4
94 25
64
80 90
98
33 15
24
52 28
53
10 31
64
54 74
41
73 87
55
45 25
81
86 26
88
12 77
46
31 90
7
3 28
80
89 31
22
47 34
87
66 84
38
79 23
38
24 87
50
98 36
16
65 88
31
63 15
35
82 28
23
68 93
97
21 18
88
40 31
13
58 85
32
77 98
9
75 25
54
42 77
76
61 90
7
33 28
51
74 29
81
19 93
9
93 42
29
10 44
34
51 45
45
54 87
13
95 88
79
67 26
2
12 90
88
86 39
59
70 31
36
89 44
70
28 34
75
88 85
98
47 47
48
46 88
8
5 50
33
63 28
25
49 93
50
21 31
70
40 44
53
81 45
8
7 96
64
39 48
75
58 98
27
42 90
55
0 93
91
74 42
20
93 55
66
13 32
33
32 45
72
51 58
80
16 37
100
35 50
25
67 39
29
26 1
29
34 91
80
70 44
84
37 96
7
9 34
100
28 47
68
69 48
92
88 98
28
5 63
56
62 45
69
81 58
84
20 48
58
39 61
3
23 53
55
97 2
17
14 4
3
55 5
77
96 43
54
13 45
88
99 48
37
32 58
58
16 50
58
35 63
55
76 64
2
48 2
17
6 5
93
92 45
75
9 47
80
50 48
13
69 61
76
8 51
43
27 64
54
11 56
76
85 5
82
30 69
89
44 4
22
2 7
80
62 58
86
20 61
95
4 53
97
78 2
44
23 66
83
64 67
27
97 15
29
36 5
81
96 56
42
55 18
18
99 61
4
38 51
14
57 64
23
76 77
38
29 2
76
15 67
89
18 72
87
6 18
96
92 58
98
50 61
83
91 62
11
8 64
26
94 67
94
27 77
56
66 5
48
11 69
91
85 18
47
30 82
61
24 8
63
43 21
2
84 59
4
1 24
5
87 64
82
59 2
52
4 66
80
45 67
34
64 80
3
17 5
76
36 18
72
77 19
18
22 83
96
3 70
97
80 24
53
38 64
60
57 77
37
98 78
77
15 80
8
54 8
19
73 21
45
18 85
74
31 24
19
91 75
50
75 67
92
94 80
63
33 70
21
66 18
90
52 83
73
24 21
74
10 86
41
84 72
55
43 34
29
87 77
74
1 37
84
45 80
98
86 81
94
58 19
81
3 83
7
77 32
88
89 86
99
22 96
57
61 24
80
80 37
29
19 27
49
79 78
16
98 91
78
63 70
61
82 83
12
54 21
79
40 86
3
12 24
50
31 37
17
72 38
70
75 80
47
88 19
98
33 83
64
52 96
1
93 97
4
46 22
62
65 35
35
10 99
78
49 27
28
68 40
98
67 81
7
26 43
54
86 94
13
70 86
17
58 32
80
89 99
23
42 24
87
61 37
80
0 27
89
19 40
31
79 91
57
63 83
16
82 96
82
21 86
61
95 35
43
40 99
45
12 37
87
53 38
39
72 51
80
56 43
53
14 46
10
88 32
9
74 97
22
46 35
42
65 48
45
49 40
29
68 53
27
7 43
55
67 94
94
26 56
11
70 99
38
9 89
22
83 38
86
0 40
58
41 41
10
60 54
55
44 46
69
21 99
90
34 38
74
53 51
68
37 43
28
56 56
50
97 57
16
14 59
87
71 41
98
30 3
85
90 54
40
7 56
93
48 57
26
6 60
64
39 8
29
23 0
3
83 51
68
41 54
80
60 67
22
25 46
68
44 59
3
2 62
64
76 11
96
15 1
37
34 51
61
18 6
12
37 56
35
78 57
87
97 70
84
69 8
33
36 60
19
55 73
35
27 11
74
11 3
37
71 54
53
30 16
75
90 67
23
29 57
94
48 70
14
6 73
57
4 0
16
45 1
13
64 14
28
96 3
8
22 17
64
25 59
67
99 8
29
66 60
89
85 73
4
57 11
5
98 12
35
2 75
70
43 76
54
15 14
24
1 79
100
59 57
59
18 19
54
78 70
8
17 60
86
91 9
81
36 73
97
55 86
11
75 1
55
8 11
83
94 14
89
11 16
5
52 17
32
10 20
12
84 6
28
29 70
60
87 11
9
73 76
5
45 14
30
64 27
25
31 79
3
3 17
54
22 30
53
66 73
53
85 86
31
38 11
97
79 12
7
24 76
50
98 25
65
43 89
43
82 17
9
1 92
16
40 20
20
59 70
66
17 73
21
91 22
73
58 74
53
77 87
87
75 14
55
61 79
25
94 27
8
80 92
45
33 17
70
52 30
7
93 31
72
10 33
34
54 76
50
73 89
75
67 15
11
12 79
40
86 28
9
31 92
42
70 20
81
3 30
85
89 33
51
88 74
61
47 36
50
79 25
69
24 89
71
65 90
57
63 17
22
82 30
41
68 95
47
21 20
98
40 33
31
26 98
31
58 87
20
42 79
22
61 92
62
33 30
56
74 31
41
0 82
64
93 44
13
19 95
13
32 34
49
51 47
28
35 39
40
54 89
12
95 90
44
67 28
77
12 92
91
86 41
88
53 93
59
70 33
15
89 46
43
56 98
67
9 23
82
28 36
29
47 49
40
88 87
4
5 52
17
46 90
54
63 30
26
49 95
37
21 33
4
62 34
13
7 98
78
81 47
5
39 50
22
42 92
89
83 93
77
0 95
36
74 44
92
13 34
82
32 47
6
51 60
58
16 39
88
35 52
91
34 93
46
92 34
49
37 98
96
9 36
3
28 49
78
69 50
19
60 1
21
62 47
44
81 60
91
20 50
47
39 63
1
4 42
85
23 55
100
97 4
75
14 6
98
55 7
40
96 45
76
13 47
79
99 50
62
16 52
71
57 53
32
90 1
63
76 66
46
48 4
83
92 47
19
6 7
45
50 50
92
69 63
69
8 53
41
27 66
85
44 6
34
85 7
29
30 71
5
11 58
49
2 9
90
43 10
81
84 48
96
87 53
16
20 63
42
4 55
45
78 4
71
23 68
64
97 17
99
64 69
59
36 7
40
96 58
7
55 20
17
99 63
53
38 53
20
57 66
85
76 79
53
29 4
46
15 69
91
73 10
93
18 74
57
6 20
12
50 63
41
91 64
94
8 66
21
94 69
94
66 7
42
11 71
27
85 20
95
24 10
52
43 23
84
84 61
37
1 26
17
87 66
63
59 4
89
45 69
48
64 82
81
17 7
70
3 72
28
36 20
84
22 85
59
77 21
69
80 26
20
38 66
85
79 67
21
98 80
64
82 72
67
15 82
55
54 10
1
73 23
91
18 87
72
12 13
59
31 26
13
91 77
40
75 69
95
94 82
96
33 72
54
52 85
37
24 23
86
65 24
43
10 88
25
68 29
81
1 39
58
45 82
45
86 83
47
58 21
19
3 85
27
77 34
76
22 98
84
89 88
5
42 13
67
61 26
90
80 39
45
19 29
84
79 80
77
98 93
65
63 72
84
82 85
81
54 23
14
95 24
40
40 88
62
12 26
96
31 39
28
72 40
31
75 82
12
88 21
15
33 85
75
74 86
22
93 99
100
46 24
20
65 37
79
49 29
51
68 42
47
7 32
12
26 45
57
67 83
50
86 96
93
58 34
64
70 88
94
42 26
76
61 39
42
28 91
37
0 29
81
19 42
12
60 43
67
63 85
41
21 88
3
95 37
77
34 27
46
53 40
96
72 53
26
37 32
31
56 45
88
14 48
95
74 99
37
46 37
18
49 42
31
90 43
51
7 45
81
67 96
50
26 58
82
9 91
16
83 40
39
0 42
83
41 43
12
60 56
88
44 48
82
2 51
80
76 0
11
34 40
69
53 53
3
37 45
85
56 58
84
97 59
26
14 61
41
55 62
55
27 0
94
30 5
81
71 43
49
90 56
35
29 46
38
48 59
10
6 62
21
23 2
93
64 3
43
83 53
100
41 56
99
25 48
69
44 61
73
85 62
34
57 0
56
2 64
12
76 13
5
15 3
80
18 8
90
59 46
15
78 59
8
97 72
54
36 62
76
55 75
40
8 0
8
94 3
32
27 13
69
11 5
3
71 56
98
30 18
45
29 59
64
48 72
85
87 0
95
6 75
81
4 2
67
45 3
89
64 16
96
3 6
68
22 19
98
25 61
77
66 62
27
85 75
83
38 0
11
24 65
81
98 14
80
43 78
87
57 13
4
15 16
25
1 81
1
18 21
51
59 59
77
78 72
47
17 62
59
91 11
77
36 75
17
77 76
51
75 3
83
94 16
24
80 81
20
33 6
36
52 19
41
10 22
7
84 8
70
54 65
51
87 13
97
73 78
15
45 16
12
86 17
48
31 81
83
3 19
5
89 22
44
22 32
36
66 75
48
79 14
100
24 78
64
98 27
83
43 91
45
63 6
47
82 19
93
1 94
68
40 22
87
17 75
92
58 76
84
77 89
59
75 16
54
61 81
4
80 94
85
33 19
96
19 84
35
52 32
87
93 33
65
10 35
100
54 78
84
73 91
26
67 17
94
12 81
65
86 30
63
31 94
7
72 95
87
70 22
42
89 35
71
28 25
38
88 76
30
47 38
9
5 41
65
79 27
25
65 92
54
46 79
35
63 19
97
82 32
24
49 84
3
68 97
54
21 22
26
40 35
45
81 36
85
58 89
44
42 81
40
61 94
35
0 84
59
74 33
91
19 97
79
93 46
67
32 36
48
51 49
48
35 41
97
95 92
52
67 30
96
12 94
49
53 95
22
70 35
49
9 25
2
28 38
11
88 89
42
47 51
85
5 54
48
46 92
61
49 97
10
21 35
29
62 36
67
81 49
42
20 39
54
39 52
85
42 94
37
83 95
41
0 97
64
41 98
22
74 46
94
13 36
33
32 49
28
16 41
37
35 54
65
34 95
57
92 36
68
9 38
28
50 39
78
69 52
35
27 55
80
60 3
84
71 98
33
30 60
37
62 49
70
20 52
51
39 65
16
4 44
98
23 57
55
97 6
22
96 47
72
55 9
30
13 49
100
99 52
66
16 54
77
57 55
12
76 68
7
48 6
67
6 9
74
92 49
53
50 52
25
69 65
71
8 55
52
27 68
18
11 60
78
85 9
56
30 73
27
2 11
17
43 12
51
84 50
52
87 55
73
1 15
2
4 57
75
78 6
20
64 71
7
36 9
12
96 60
42
22 74
88
55 22
1
99 65
57
38 55
6
57 68
84
98 69
53
29 6
83
15 71
14
73 12
82
18 76
39
31 15
26
91 66
41
75 58
81
8 68
62
94 71
63
66 9
27
11 73
5
52 74
73
85 22
83
24 12
57
84 63
31
43 25
73
1 28
67
87 68
37
45 71
70
64 84
94
17 9
51
58 10
87
3 74
31
77 23
88
22 87
18
61 15
11
80 28
97
38 68
69
79 69
40
98 82
16
82 74
54
54 12
47
73 25
18
18 89
12
12 15
92
31 28
31
91 79
62
75 71
55
94 84
75
88 10
67
33 74
9
52 87
26
24 25
3
65 26
29
10 90
30
68 31
87
26 34
86
67 72
42
86 85
67
58 23
87
3 87
88
89 90
44
77 36
51
42 15
66
61 28
55
47 93
60
80 41
68
0 18
7
19 31
9
79 82
27
63 74
69
82 87
66
54 25
19
21 77
12
40 90
67
95 26
66
12 28
70
53 29
79
72 42
46
56 34
42
88 23
94
33 87
73
74 88
61
46 26
32
65 39
50
49 31
27
68 44
41
7 34
22
26 47
23
67 85
29
86 98
37
70 90
45
42 28
70
83 29
5
28 93
3
0 31
7
19 44
7
60 45
86
63 87
97
21 90
26
95 39
59
34 29
68
53 42
7
72 55
66
37 34
5
56 47
4
14 50
41
46 39
40
13 91
18
49 44
97
16 96
78
90 45
76
7 47
34
48 48
92
92 91
40
9 93
81
83 42
99
41 45
5
60 58
66
25 37
29
44 50
57
2 53
95
76 2
29
34 42
21
37 47
3
78 48
98
97 61
93
14 63
13
55 64
99
27 2
73
30 7
93
71 45
53
90 58
34
29 48
11
48 61
16
6 64
8
23 4
45
64 5
33
41 58
22
25 50
40
44 63
30
85 64
52
57 2
42
2 66
64
76 15
10
43 67
19
15 5
94
59 48
58
18 10
60
78 61
71
97 74
76
17 51
12
91 0
43
36 64
74
55 77
92
8 2
87
94 5
62
11 7
72
52 8
48
71 58
48
29 61
69
87 2
1
73 67
8
6 77
78
45 5
40
64 18
25
3 8
90
22 21
63
66 64
49
85 77
23
38 2
100
79 3
3
24 67
74
98 16
35
43 80
80
82 8
56
15 18
90
1 83
36
18 23
1
59 61
39
17 64
57
91 13
43
36 77
33
77 78
99
75 5
15
94 18
88
80 83
78
33 8
80
52 21
62
10 24
14
54 67
82
73 80
71
12 70
18
45 18
18
31 83
47
86 19
87
3 21
31
89 24
83
66 77
57
79 16
61
24 80
89
65 81
64
98 29
87
63 8
52
82 21
7
68 86
15
1 96
27
21 11
46
40 24
33
58 78
89
77 91
16
75 18
78
42 70
51
61 83
14
80 96
53
33 21
78
74 22
30
19 86
39
93 35
99
10 37
43
51 38
34
54 80
65
95 81
62
67 19
73
12 83
12
86 32
23
31 96
46
72 97
90
70 24
82
89 37
14
28 27
90
47 40
14
88 78
61
46 81
47
5 43
56
65 94
52
63 21
30
49 86
65
68 99
45
21 24
35
7 89
72
40 37
28
81 38
32
58 91
80
42 83
78
61 96
98
0 86
14
74 35
88
19 99
90
93 48
23
13 25
61
32 38
6
51 51
21
35 43
88
95 94
53
34 84
42
67 32
47
53 97
86
37 89
60
70 37
45
9 27
51
28 40
13
88 91
25
46 94
45
5 56
40
49 99
80
62 38
64
81 51
7
20 41
42
39 54
68
23 46
59
83 97
90
96 36
31
0 99
33
13 38
32
99 41
77
32 51
66
16 43
54
35 56
48
76 57
59
34 97
1
92 38
75
9 40
22
50 41
62
69 54
14
27 57
15
30 62
11
2 0
5
62 51
90
20 54
71
39 67
97
4 46
24
23 59
76
97 8
53
96 49
51
55 11
100
99 54
9
38 44
56
57 57
90
76 70
41
48 8
48
15 60
31
18 65
11
92 51
16
6 11
86
50 54
25
91 55
40
8 57
82
27 70
8
11 62
86
85 11
15
30 75
26
24 1
66
84 52
71
43 14
57
87 57
47
1 17
51
4 59
33
45 60
34
78 8
17
64 73
56
36 11
46
77 12
92
22 76
84
80 17
14
38 57
74
57 70
94
98 71
19
15 73
23
54 1
52
73 14
8
18 78
47
31 17
86
91 68
52
75 60
95
94 73
23
66 11
63
11 75
46
52 76
82
24 14
46
43 27
6
10 79
9
84 65
90
87 70
64
1 30
6
45 73
88
64 86
50
17 11
62
58 12
49
3 76
88
77 25
78
22 89
60
61 17
88
80 30
27
19 20
83
79 71
57
98 84
82
82 76
4
54 14
54
73 27
78
40 79
93
12 17
44
31 30
79
72 31
91
75 73
99
88 12
78
33 76
70
52 89
86
93 90
47
46 15
7
65 28
68
10 92
55
49 20
77
68 33
59
67 74
92
26 36
41
86 87
35
70 79
51
3 89
25
58 25
46
89 92
52
42 17
46
61 30
66
47 95
36
0 20
16
19 33
19
79 84
5
5 98
4
63 76
92
82 89
33
21 79
59
95 28
9
40 92
20
12 30
39
53 31
10
72 44
34
56 36
39
14 39
41
33 89
16
74 90
2
88 25
61
46 28
2
65 41
14
32 93
60
49 33
38
35 98
75
68 46
4
7 36
86
67 87
74
26 49
48
70 92
79
42 30
11
83 31
92
9 82
59
28 95
18
0 33
47
41 34
28
60 47
43
44 39
93
21 92
82
62 93
49
95 41
53
34 31
54
53 44
44
37 36
35
56 49
47
97 50
85
14 52
35
13 93
2
71 34
49
16 98
6
90 47
88
7 49
33
48 50
40
92 93
63
39 1
18
6 53
41
9 95
66
83 44
48
41 47
53
60 60
24
25 39
33
44 52
38
2 55
77
76 4
41
34 44
83
37 49
67
78 50
9
97 63
55
36 53
28
69 1
8
55 66
24
27 4
43
30 9
47
71 47
22
90 60
9
29 50
57
48 63
93
6 66
13
64 7
22
22 10
5
25 52
79
99 1
86
66 53
77
85 66
78
57 4
19
98 5
74
2 68
33
43 69
71
15 7
86
1 72
55
59 50
45
18 12
2
78 63
83
17 53
33
91 2
74
36 66
2
55 79
47
8 4
96
94 7
65
11 9
6
52 10
51
29 63
65
87 4
66
73 69
55
45 7
42
31 72
9
64 20
91
3 10
81
22 23
73
66 66
96
85 79
21
38 4
86
79 5
51
24 69
3
98 18
57
43 82
32
82 10
6
1 85
49
59 63
75
17 66
94
91 15
5
58 67
70
77 80
5
75 7
95
94 20
66
61 72
46
80 85
19
33 10
73
52 23
48
10 26
23
54 69
18
73 82
17
67 8
13
12 72
13
86 21
77
31 85
97
70 13
88
3 23
20
89 26
44
47 29
49
88 67
4
79 18
80
24 82
75
65 83
71
63 10
24
82 23
2
68 88
56
21 13
49
40 26
45
58 80
27
77 93
66
42 72
22
61 85
92
80 98
9
33 23
17
74 24
39
0 75
100
19 88
43
93 37
50
10 39
95
51 40
30
54 82
84
95 83
38
67 21
59
12 85
82
86 34
20
53 86
61
72 99
31
70 26
36
89 39
46
56 91
20
28 29
91
88 80
35
47 42
13
5 45
94
46 83
90
65 96
90
63 23
78
49 88
91
21 26
54
62 27
48
7 91
32
81 40
77
39 43
79
42 85
89
83 86
64
0 88
48
74 37
61
13 27
90
32 40
65
51 53
64
16 32
60
35 45
8
95 96
17
34 86
39
53 99
68
92 27
37
37 91
57
9 29
11
28 42
70
69 43
49
5 58
50
46 96
28
62 40
55
81 53
95
20 43
21
39 56
32
23 48
47
83 99
2
55 0
72
96 38
83
13 40
3
99 43
64
25 94
25
16 45
24
35 58
81
76 59
70
34 99
83
6 0
100
92 40
65
50 43
50
69 56
3
8 46
30
27 59
65
11 51
89
85 0
41
30 64
11
2 2
81
84 41
43
43 3
69
20 56
75
4 48
59
23 61
12
64 62
66
97 10
33
36 0
27
96 51
37
55 13
64
99 56
16
38 46
80
57 59
5
76 72
66
15 62
98
73 3
78
6 13
68
18 67
66
50 56
16
91 57
17
8 59
4
94 62
44
27 72
54
66 0
82
11 64
51
85 13
3
30 77
17
24 3
45
43 16
40
84 54
82
87 59
63
1 19
68
4 61
98
45 62
94
64 75
15
17 0
65
36 13
88
3 65
2
22 78
97
77 14
61
80 19
61
38 59
39
57 72
73
98 73
1
15 75
40
54 3
21
73 16
28
18 80
51
12 6
37
31 19
29
91 70
83
75 62
44
94 75
45
33 65
19
66 13
18
52 78
13
24 16
27
65 17
85
10 81
19
68 22
94
1 32
70
45 75
1
86 76
80
58 14
78
3 78
39
89 81
4
77 27
36
22 91
32
42 6
77
61 19
87
80 32
60
19 22
79
79 73
95
98 86
90
63 65
3
82 78
40
54 16
23
95 17
43
40 81
3
12 19
50
31 32
3
72 33
71
75 75
95
88 14
80
33 78
19
52 91
93
93 92
41
46 17
87
65 30
15
10 94
90
51 95
89
49 22
28
68 35
61
7 25
31
26 38
3
67 76
5
86 89
97
70 81
58
58 27
33
89 94
50
42 19
83
28 84
83
61 32
64
47 97
52
0 22
26
19 35
71
60 36
57
63 78
54
82 91
88
21 81
99
95 30
32
40 94
52
81 95
16
34 20
3
53 33
81
72 46
30
37 25
61
56 38
2
14 41
38
88 27
1
74 92
22
46 30
26
32 95
29
49 35
85
90 36
51
7 38
100
26 51
19
67 89
7
70 94
21
9 84
75
83 33
81
28 97
60
0 35
33
41 36
51
60 49
61
44 41
41
2 44
78
21 94
11
62 95
10
34 33
99
53 46
4
20 98
38
37 38
45
56 51
38
97 52
19
14 54
3
55 55
44
13 95
50
71 36
65
90 49
40
29 39
22
48 52
62
6 55
33
92 95
23
9 97
17
50 98
42
83 46
3
41 49
18
25 41
80
44 54
52
85 55
26
2 57
59
76 6
33
59 39
52
18 1
62
78 52
28
97 65
82
36 55
43
55 68
55
27 6
100
71 49
54
30 11
49
29 52
84
48 65
34
6 68
75
64 9
44
22 12
67
25 54
51
66 55
12
85 68
79
57 6
82
24 58
6
43 71
43
98 7
73
15 9
45
1 74
68
59 52
67
18 14
70
78 65
39
17 55
61
91 4
87
36 68
32
77 69
83
94 9
56
80 74
6
52 12
65
10 15
16
84 1
5
87 6
33
54 58
46
73 71
61
45 9
50
86 10
46
31 74
81
3 12
97
22 25
11
66 68
33
79 7
65
24 71
100
98 20
15
43 84
74
82 12
97
1 87
60
40 15
77
17 68
51
58 69
17
77 82
38
75 9
66
61 74
93
80 87
14
33 12
82
52 25
94
19 77
76
93 26
46
10 28
72
54 71
30
73 84
36
67 10
50
12 74
72
86 23
90
31 87
80
72 88
98
70 15
12
3 25
59
89 28
52
88 69
11
47 31
74
79 20
18
46 72
24
65 85
62
5 34
16
63 12
90
49 77
15
82 25
31
68 90
81
21 15
9
40 28
42
26 93
79
58 82
52
42 74
11
61 87
84
0 77
21
74 26
31
19 90
70
93 39
95
32 29
56
51 42
71
35 34
2
95 85
98
67 23
33
12 87
92
53 88
63
70 28
18
56 93
53
9 18
17
28 31
13
88 82
75
47 44
63
5 47
38
46 85
51
65 98
43
49 90
34
21 28
27
62 29
10
7 93
17
81 42
86
39 45
75
42 87
51
83 88
27
0 90
53
74 39
72
41 91
81
13 29
58
32 42
79
51 55
58
16 34
31
35 47
1
95 98
68
34 88
64
92 29
92
37 93
73
9 31
12
28 44
65
69 45
72
27 48
5
71 91
40
30 53
70
62 42
87
81 55
56
20 45
97
39 58
100
4 37
12
23 50
79
55 2
17
96 40
98
13 42
60
99 45
75
25 96
76
16 47
47
57 48
43
76 61
35
92 42
20
6 2
31
50 45
46
69 58
19
8 48
94
27 61
2
11 53
28
85 2
35
30 66
92
2 4
80
84 43
60
43 5
57
1 8
12
87 48
78
20 58
46
4 50
8
23 63
69
64 64
34
36 2
74
96 53
74
55 15
22
22 67
42
99 58
4
38 48
20
57 61
99
76 74
51
15 64
38
73 5
42
18 69
52
31 8
75
91 59
42
8 61
38
94 64
68
66 2
17
11 66
40
52 67
5
85 15
80
24 5
58
43 18
1
84 56
83
87 61
89
1 21
91
45 64
80
64 77
98
17 2
38
58 3
60
3 67
6
77 16
75
22 80
39
61 8
47
80 21
94
38 61
99
79 62
41
98 75
53
82 67
92
15 77
2
54 5
97
73 18
15
18 82
89
12 8
83
31 21
22
91 72
82
75 64
75
94 77
74
88 3
36
33 67
56
52 80
56
24 18
13
65 19
23
10 83
20
68 24
38
26 27
34
45 77
75
86 78
51
58 16
79
3 80
10
77 29
62
89 83
54
42 8
24
61 21
10
47 86
20
80 34
76
0 11
41
19 24
36
79 75
92
98 88
6
63 67
42
82 80
91
21 70
79
95 19
78
40 83
60
54 18
48
12 21
68
53 22
46
72 35
39
56 27
97
75 77
78
88 16
3
33 80
16
74 81
16
93 94
17
46 19
77
65 32
66
10 96
69
51 97
43
49 24
59
68 37
86
7 27
59
26 40
59
67 78
22
86 91
50
70 83
55
89 96
64
42 21
92
83 22
43
28 86
90
47 99
35
0 24
80
19 37
30
60 38
91
63 80
18
21 83
81
95 32
81
40 96
67
81 97
79
34 22
4
53 35
54
72 48
1
37 27
79
56 40
34
14 43
45
74 94
3
13 84
1
46 32
9
32 97
87
16 89
59
49 37
32
90 38
3
7 40
73
48 41
65
67 91
21
70 96
4
9 86
27
83 35
85
28 99
61
41 38
1
60 51
15
25 30
1
44 43
31
2 46
41
62 97
75
34 35
14
37 40
51
78 41
76
97 54
22
14 56
54
55 57
37
96 95
78
13 97
28
71 38
28
30 0
27
90 51
99
29 41
99
48 54
22
6 57
85
92 97
25
9 99
32
41 51
88
25 43
72
44 56
29
85 57
12
2 59
46
76 8
42
43 60
7
59 41
49
18 3
37
78 54
36
97 67
37
17 44
87
36 57
59
55 70
63
27 8
6
11 0
1
71 51
12
30 13
32
29 54
81
73 60
26
6 70
60
64 11
92
3 1
71
22 14
76
66 57
27
85 70
86
24 60
56
98 9
88
43 73
21
15 11
19
1 76
24
18 16
62
59 54
6
17 57
65
91 6
79
36 70
25
77 71
28
94 11
2
80 76
63
33 1
17
52 14
85
10 17
60
54 60
32
73 73
75
12 63
91
45 11
17
31 76
74
86 12
99
3 14
23
89 17
44
22 27
65
66 70
25
79 9
89
24 73
95
65 74
91
98 22
63
63 1
77
82 14
81
1 89
50
40 17
22
58 71
66
77 84
85
42 63
12
75 11
38
61 76
50
80 89
43
33 14
56
19 79
54
93 28
43
52 27
67
10 30
55
51 31
39
54 73
26
95 74
34
67 12
95
12 76
91
86 25
42
31 89
84
72 90
11
70 17
6
89 30
94
28 20
91
47 33
30
88 71
33
46 74
13
5 36
50
65 87
28
63 14
40
49 79
44
68 92
25
21 17
11
40 30
2
81 31
34
26 95
87
58 84
87
42 76
84
61 89
43
0 79
54
74 28
35
19 92
55
93 41
81
32 31
11
51 44
47
35 36
64
95 87
33
34 77
67
67 25
5
53 90
36
37 82
74
70 30
96
56 95
75
9 20
24
28 33
80
88 84
99
14 98
65
47 46
43
5 49
87
46 87
84
49 92
76
90 93
43
21 30
32
62 31
27
7 95
67
81 44
27
20 34
14
39 47
57
23 39
92
83 90
45
0 92
55
41 93
64
13 31
24
44 98
23
32 44
12
16 36
5
35 49
67
76 50
46
34 90
31
92 31
38
37 95
67
9 33
88
50 34
64
69 47
25
27 50
18
71 93
20
30 55
11
62 44
30
20 47
41
39 60
23
4 39
9
23 52
40
97 1
93
55 4
54
96 42
84
25 98
94
13 44
13
99 47
86
16 49
44
57 50
67
76 63
42
48 1
74
15 53
70
18 58
82
6 4
52
59 96
51
92 44
28
50 47
4
69 60
9
8 50
65
27 63
91
11 55
10
85 4
41
30 68
9
84 45
9
43 7
49
87 50
22
1 10
51
4 52
35
45 53
83
78 1
40
64 66
82
36 4
84
77 5
89
22 69
94
80 10
63
99 60
75
38 50
8
57 63
19
98 64
98
15 66
17
73 7
72
18 71
64
31 10
9
91 61
95
75 53
91
8 63
18
94 66
73
66 4
70
11 68
92
52 69
74
24 7
61
84 58
72
43 20
65
10 72
59
87 63
32
1 23
77
45 66
65
64 79
52
17 4
50
58 5
99
3 69
22
77 18
4
22 82
69
61 10
89
80 23
89
19 13
81
38 63
5
79 64
1
98 77
85
82 69
79
54 7
26
40 72
54
73 20
38
12 10
26
31 23
72
72 24
59
91 74
14
75 66
48
94 79
54
88 5
6
33 69
38
52 82
36
93 83
26
46 8
91
65 21
61
10 85
54
49 13
43
68 26
36
26 29
22
67 67
23
86 80
34
70 72
78
3 82
58
89 85
53
58 18
57
42 10
10
61 23
32
47 88
82
0 13
2
19 26
33
79 77
56
5 91
18
63 69
40
82 82
53
21 72
21
95 21
42
40 85
89
12 23
94
53 24
30
72 37
69
56 29
18
88 18
70
33 82
68
74 83
72
93 96
37
46 21
79
65 34
61
32 86
47
51 99
85
49 26
47
68 39
71
35 91
3
7 29
78
67 80
83
26 42
38
86 93
92
70 85
92
89 98
13
42 23
6
9 75
62
28 88
40
83 24
100
0 26
47
41 27
40
60 40
56
44 32
92
63 82
11
21 85
29
62 86
22
95 34
94
81 99
39
34 24
57
53 37
68
37 29
15
56 42
39
97 43
65
14 45
28
74 96
81
13 86
87
32 99
22
71 27
59
16 91
4
90 40
83
7 42
36
48 43
30
92 86
27
9 88
57
83 37
50
41 40
64
60 53
61
25 32
26
44 45
81
2 48
60
62 99
35
34 37
22
4 94
60
37 42
45
78 43
84
97 56
39
36 46
90
55 59
96
96 97
63
13 99
16
30 2
5
71 40
79
90 53
79
29 43
81
48 56
97
92 99
70
6 59
61
64 0
65
22 3
9
25 45
61
66 46
87
85 59
30
2 61
29
43 62
3
76 10
9
15 0
25
18 5
95
59 43
31
78 56
87
17 46
61
36 59
9
55 72
41
94 0
35
11 2
78
52 3
33
29 56
3
73 62
65
45 0
35
64 13
37
3 3
54
22 16
25
66 59
70
85 72
87
24 62
9
98 11
7
43 75
79
82 3
31
15 13
69
1 78
2
18 18
67
59 56
69
17 59
26
91 8
2
58 60
66
77 73
83
75 0
37
61 65
96
94 13
57
80 78
66
33 3
42
52 16
93
10 19
40
54 62
23
73 75
99
45 13
36
86 14
11
31 78
39
12 65
7
3 16
48
89 19
76
88 60
69
47 22
34
79 11
76
24 75
100
65 76
64
63 3
40
82 16
41
68 81
73
1 91
39
21 6
22
40 19
23
58 73
77
77 86
35
42 65
12
61 78
47
80 91
30
33 16
5
74 17
91
19 81
27
93 30
99
10 32
74
51 33
80
54 75
14
95 76
73
67 14
10
12 78
19
86 27
10
72 92
20
70 19
64
89 32
85
28 22
79
88 73
66
47 35
29
5 38
15
46 76
59
65 89
21
63 16
37
49 81
15
68 94
45
21 19
33
7 84
65
81 33
39
26 97
8
40 32
47
39 36
61
42 78
37
83 79
75
0 81
24
74 30
65
19 94
17
93 43
67
60 95
88
13 20
34
32 33
18
51 46
20
16 25
9
35 38
17
95 89
81
34 79
27
53 92
85
70 32
59
37 84
74
56 97
70
9 22
47
28 35
43
69 36
21
46 89
56
5 51
60
49 94
63
90 95
5
62 33
26
7 97
100
81 46
91
20 36
25
39 49
54
23 41
87
83 92
83
96 31
56
41 95
30
13 33
19
99 36
83
32 46
39
16 38
77
35 51
62
76 52
33
34 92
32
92 33
24
37 97
41
9 35
34
50 36
27
69 49
26
8 39
37
27 52
9
11 44
46
71 95
97
30 57
24
62 46
67
29 98
14
20 49
29
4 41
7
23 54
1
64 55
53
97 3
57
55 6
96
96 44
79
99 49
64
38 39
22
57 52
5
76 65
4
15 55
66
18 60
14
6 6
9
59 98
10
50 49
39
91 50
39
8 52
34
94 55
69
27 65
77
11 57
34
85 6
51
30 70
8
43 9
76
84 47
96
87 52
50
1 12
63
4 54
48
45 55
63
64 68
42
3 58
58
77 7
86
22 71
84
36 6
78
80 12
55
38 52
76
57 65
58
98 66
55
15 68
76
73 9
56
18 73
13
31 12
76
91 63
96
75 55
8
94 68
36
33 58
48
66 6
94
52 71
71
24 9
81
65 10
55
10 74
51
84 60
96
68 15
82
1 25
57
87 65
13
45 68
38
86 69
80
58 7
78
3 71
70
89 74
1
22 84
74
77 20
53
61 12
11
80 25
100
19 15
24
79 66
83
98 79
76
63 58
100
82 71
56
54 9
37
95 10
61
40 74
38
12 12
13
31 25
89
72 26
88
75 68
97
88 7
63
33 71
73
52 84
41
93 85
39
46 10
28
65 23
32
10 87
87
51 88
26
49 15
8
68 28
48
7 18
52
26 31
20
67 69
79
86 82
42
58 20
47
70 74
19
89 87
32
42 12
5
28 77
99
61 25
99
47 90
58
0 15
43
19 28
57
60 29
48
79 79
73
5 93
43
63 71
57
82 84
2
21 74
79
95 23
3
40 87
67
81 88
80
34 13
5
53 26
85
72 39
17
37 18
21
56 31
43
14 34
98
88 20
78
74 85
91
93 98
50
46 23
91
32 88
77
49 28
25
90 29
78
35 93
47
7 31
94
26 44
14
67 82
83
70 87
53
9 77
8
83 26
2
28 90
55
0 28
16
41 29
52
60 42
95
44 34
59
21 87
33
62 88
66
34 26
54
53 39
36
20 91
29
37 31
76
56 44
99
97 45
8
23 96
1
14 47
29
74 98
45
100
100
0
8
1
58
2
10
3
27
4
42
5
72
6
91
7
12
8
6
9
53
10
21
11
10
12
70
13
11
14
82
15
78
16
3
17
80
18
32
19
30
20
16
21
64
22
16
23
93
24
54
25
79
26
51
27
73
28
42
29
92
30
81
31
92
32
42
33
89
34
26
35
89
36
68
37
71
38
28
39
78
40
37
41
12
42
55
43
93
44
96
45
91
46
78
47
5
48
7
49
27
50
16
51
15
52
7
53
98
54
7
55
64
56
52
57
94
58
17
59
31
60
79
61
10
62
23
63
10
64
8
65
99
66
64
67
65
68
74
69
46
70
62
71
100
72
42
73
40
74
56
75
100
76
79
77
70
78
48
79
20
80
83
81
33
82
94
83
43
84
32
85
64
86
47
87
38
88
4
89
88
90
59
91
41
92
31
93
97
94
98
95
29
96
33
97
86
98
56
99
62
