100 100
2500
86 72
81
78 68
73
24 97
53
70 64
11
98 46
35
36 71
11
47 80
6
94 12
82
40 41
17
0 5
95
5 83
93
17 94
30
63 61
2
83 39
63
75 35
52
21 64
79
95 13
32
81 78
94
6 84
28
25 34
16
44 47
73
39 81
60
64 25
9
37 8
74
10 54
81
54 97
49
74 75
1
85 84
65
32 78
25
24 74
5
88 95
2
18 30
52
70 77
2
17 71
80
28 80
54
21 41
41
60 32
32
52 28
87
10 31
41
2 27
83
73 87
45
12 77
1
51 68
34
98 0
14
96 76
94
26 11
17
98 36
33
36 61
14
9 44
7
82 28
98
68 93
50
29 22
42
44 1
68
58 85
80
9 80
21
77 98
72
10 8
75
62 55
25
44 37
93
85 38
34
45 2
98
64 15
40
56 11
63
2 40
22
62 91
86
66 61
99
13 55
62
59 22
76
23 99
82
97 48
21
70 31
72
79 0
72
24 64
11
17 25
12
36 38
42
99 94
37
46 88
90
49 93
17
75 2
78
40 44
94
81 45
37
60 22
64
33 5
32
52 18
15
39 48
39
2 17
25
62 68
62
73 77
11
74 42
3
66 38
11
39 84
47
67 3
62
78 12
50
97 25
34
70 8
87
84 92
2
89 21
94
3 18
20
87 97
73
88 62
51
34 91
41
79 13
70
71 9
78
16 73
11
63 5
7
36 51
10
76 87
23
29 12
86
40 21
11
92 68
61
50 71
86
27 87
13
73 54
35
74 19
18
19 83
13
11 79
9
39 61
6
97 2
84
95 78
83
1 34
62
59 12
2
72 94
91
99 48
31
23 89
50
4 76
43
56 86
63
17 15
71
36 28
25
76 64
58
68 60
78
1 70
83
88 75
23
47 37
8
5 40
38
63 18
32
49 83
73
9 47
36
69 61
25
61 57
63
80 70
25
18 95
10
39 38
12
44 4
14
83 81
54
8 87
43
60 97
43
32 35
99
16 27
25
89 11
81
96 56
3
28 1
100
88 52
55
34 81
53
28 37
5
69 38
96
15 67
28
61 34
88
27 41
74
92 58
91
18 72
85
82 93
92
61 70
96
62 35
91
0 60
27
74 9
95
19 73
79
20 38
69
66 5
64
32 12
17
24 8
43
75 90
67
1 24
90
88 29
100
25 89
41
99 38
96
4 66
94
45 67
71
36 18
97
88 65
8
34 94
6
92 35
83
61 47
64
62 12
45
8 41
99
26 89
85
73 21
60
84 36
2
54 44
67
87 41
99
33 70
53
12 47
76
44 79
56
64 57
46
24 21
71
43 34
61
56 53
14
16 17
53
55 8
48
99 51
55
97 90
1
58 19
86
76 67
7
68 63
62
27 31
71
18 62
31
19 27
32
30 36
67
71 74
78
63 70
23
42 47
27
54 21
70
85 8
46
31 37
53
72 38
12
83 84
8
75 80
88
88 19
92
33 83
75
93 97
26
25 79
8
72 74
65
53 61
75
37 53
64
49 27
16
38 54
65
49 63
61
89 99
69
15 70
49
81 15
93
73 11
100
12 1
72
82 96
10
84 26
75
29 90
82
75 57
71
21 86
65
40 99
91
41 64
13
87 31
60
25 56
44
13 2
61
72 51
91
16 7
18
2 72
72
76 21
93
45 70
66
38 31
85
49 40
71
50 5
21
14 82
18
47 79
40
26 56
76
27 21
25
19 17
71
98 81
6
91 42
36
83 38
82
95 12
64
40 76
33
41 41
97
11 49
16
53 15
21
44 46
79
84 39
67
75 70
13
96 13
71
33 73
70
34 38
31
45 47
41
46 12
92
49 17
84
14 59
61
15 24
63
80 4
54
59 67
35
79 45
67
71 41
14
30 3
52
90 54
5
91 19
92
36 83
32
71 77
15
31 4
24
63 73
54
75 47
4
41 54
3
34 15
34
93 64
93
37 20
19
56 33
100
2 62
66
76 11
35
15 1
23
85 96
39
18 6
63
70 53
99
3 63
52
16 82
65
49 30
91
35 95
13
43 99
23
55 73
45
61 4
38
59 80
25
30 16
23
77 97
66
82 63
19
28 92
68
29 57
6
95 2
82
41 31
47
4 0
69
72 18
91
44 36
52
45 1
96
56 10
29
54 86
85
74 64
40
93 77
90
25 59
77
12 89
4
78 34
78
98 12
50
22 53
10
15 14
100
1 79
36
66 96
47
13 90
99
99 93
89
18 19
8
79 35
86
90 44
14
36 73
2
9 56
42
42 4
83
83 5
98
47 82
79
50 93
34
75 37
60
8 96
71
81 80
30
73 76
67
34 5
19
31 79
99
37 10
45
10 56
28
22 30
25
54 99
72
67 38
12
59 34
53
79 12
55
24 76
58
98 25
79
70 43
15
89 56
29
36 50
31
1 92
8
40 20
33
6 27
24
77 87
46
61 79
46
21 43
23
80 92
28
33 17
4
6 63
51
72 8
42
30 91
5
64 4
38
62 80
23
22 7
23
74 54
53
34 18
38
20 83
1
39 96
74
85 63
22
23 88
69
57 1
66
43 66
31
35 62
31
55 40
63
96 78
29
18 9
4
65 90
29
70 56
76
16 85
36
57 86
53
63 17
21
9 46
41
44 3
12
50 83
53
69 96
20
61 92
54
0 82
37
20 60
25
45 4
79
23 65
53
3 7
83
89 10
88
22 20
34
14 16
28
66 63
51
67 28
16
4 88
3
79 2
6
76 76
89
36 40
58
55 53
53
1 82
75
88 87
44
48 14
100
6 17
83
63 30
84
49 95
66
77 77
2
21 33
59
25 3
88
39 50
94
2 19
35
74 44
9
86 18
34
32 47
37
84 94
9
36 17
97
96 68
28
28 13
39
34 93
91
99 73
86
5 29
18
46 67
94
37 98
85
17 40
50
9 36
85
15 79
48
21 10
58
92 70
62
6 30
65
50 73
32
69 86
94
27 89
7
66 17
29
11 81
87
32 24
68
97 4
18
43 33
29
96 45
42
87 76
71
53 83
81
59 14
16
65 57
40
90 1
72
9 13
93
77 31
60
68 62
33
47 39
44
92 47
38
38 76
43
77 67
48
0 49
55
19 62
82
30 71
4
43 10
20
84 48
75
54 56
31
74 34
38
66 30
21
12 59
24
53 60
58
13 24
38
72 73
72
44 91
1
64 69
32
24 33
61
70 0
58
10 98
80
96 58
57
34 83
42
5 19
71
37 88
91
65 70
94
57 66
9
58 31
88
9 26
57
29 4
92
69 40
77
15 69
51
6 20
57
50 63
60
91 64
25
42 59
50
82 95
47
62 37
93
0 62
94
40 98
96
39 53
7
13 1
5
32 14
3
16 6
43
96 35
16
41 99
8
1 26
27
87 66
34
46 34
96
64 82
5
37 65
87
56 78
93
3 72
68
26 55
46
92 37
22
58 44
35
69 53
17
82 72
92
61 49
76
7 78
25
73 23
49
11 48
61
71 99
69
23 22
9
41 76
99
33 72
15
99 17
45
72 63
91
4 45
43
32 27
50
22 62
52
47 6
3
34 73
63
45 82
21
37 78
54
58 21
21
98 57
11
14 94
28
15 59
79
7 55
42
98 93
51
31 3
61
90 89
94
82 85
20
75 46
21
48 92
10
95 24
81
0 52
91
41 53
71
24 0
84
84 51
52
35 9
68
1 16
30
25 81
27
93 99
58
99 30
64
85 95
4
65 37
57
56 68
69
97 69
24
49 29
21
69 7
14
14 71
41
7 32
50
80 16
97
86 96
44
70 88
59
58 34
72
36 95
22
62 4
76
73 13
87
30 51
25
71 89
55
91 67
38
23 12
4
84 28
69
21 88
96
41 66
92
34 27
47
52 75
8
44 71
78
4 35
41
65 14
48
22 52
48
67 60
81
46 37
8
37 68
52
24 98
47
36 72
71
61 16
12
27 23
63
19 19
19
30 28
97
17 95
74
9 91
81
84 5
37
29 69
14
48 82
25
21 65
2
0 42
83
12 16
40
44 48
76
72 30
84
22 29
83
96 15
19
88 11
2
99 20
27
56 58
44
3 52
7
35 84
13
18 31
54
59 69
39
63 39
50
9 68
85
40 55
4
63 75
39
64 3
94
84 18
39
29 82
32
41 56
51
81 92
37
45 26
1
65 4
83
10 68
44
56 35
60
57 0
69
51 69
71
76 13
83
3 29
39
85 98
18
32 92
52
38 23
2
97 72
20
89 68
58
79 60
60
92 79
28
30 18
45
71 56
27
17 85
9
63 52
38
9 81
53
77 99
4
82 65
86
29 59
19
60 46
61
6 75
83
52 42
21
2 41
60
62 92
91
88 1
41
25 61
100
4 87
52
14 51
44
55 52
93
47 48
54
13 92
1
79 37
75
57 98
48
83 7
45
48 49
60
0 9
8
41 10
9
33 6
25
5 87
14
58 99
69
10 22
21
42 91
48
73 78
73
93 56
72
51 59
2
2 54
14
26 2
37
67 40
9
71 10
13
90 23
26
82 19
28
40 22
75
17 75
1
63 42
85
69 85
9
29 49
31
81 59
28
19 84
5
52 32
80
39 62
79
85 29
90
10 35
50
56 2
97
2 31
78
62 82
48
54 78
54
93 69
63
12 81
51
31 94
49
32 59
58
24 55
56
98 4
21
43 68
26
89 35
73
90 0
57
55 42
68
7 2
10
99 85
65
16 87
73
17 52
46
91 1
60
9 48
10
77 66
33
29 26
78
94 6
16
40 35
27
60 13
75
18 96
99
52 9
64
50 85
61
42 81
92
8 88
97
81 72
57
74 33
79
66 29
79
39 75
97
86 7
32
31 71
38
51 49
98
97 16
59
23 67
72
87 88
71
59 26
45
32 72
93
90 13
51
9 25
92
28 38
63
99 98
80
92 59
19
50 62
43
21 35
9
62 36
43
8 65
75
54 32
67
27 78
52
81 49
88
74 10
60
41 13
59
30 83
35
83 95
46
2 21
4
54 68
83
74 46
99
20 75
70
67 7
36
31 84
55
23 80
95
24 45
51
84 96
38
16 41
43
89 25
37
96 70
56
1 61
69
34 95
29
71 13
91
58 43
67
63 9
14
50 39
85
15 81
42
73 22
9
42 71
12
61 84
96
27 91
90
19 87
79
66 19
93
39 65
79
85 32
94
11 83
9
31 61
66
43 35
39
1 38
70
67 20
26
59 16
32
45 81
41
37 77
40
36 32
76
40 2
23
46 82
79
5 44
29
58 56
30
31 38
56
23 34
21
2 11
45
75 81
18
33 84
88
52 97
28
53 62
44
13 26
2
44 93
17
65 36
91
2 96
20
36 9
13
28 5
34
1 51
8
46 59
37
50 29
23
68 77
66
18 76
98
79 92
54
39 19
49
63 84
77
62 39
21
75 58
63
94 71
22
74 13
74
11 73
9
12 38
20
51 29
2
75 94
82
95 72
35
87 68
2
56 80
26
17 9
19
3 74
88
9 5
75
76 58
90
22 87
76
69 19
62
15 48
67
61 15
49
80 28
2
18 53
30
92 39
43
98 82
41
90 78
57
42 38
71
61 51
19
8 45
38
54 12
37
27 58
68
0 41
58
19 54
61
39 32
97
12 15
90
31 28
83
63 97
54
83 75
70
84 40
25
75 71
84
41 78
23
88 10
16
34 39
51
25 70
39
53 52
97
64 61
50
37 44
20
56 57
100
77 0
90
88 46
27
86 85
79
90 55
57
15 61
9
7 57
64
0 18
12
30 40
47
31 5
1
90 91
89
63 74
42
23 1
62
91 56
44
84 17
75
75 48
100
94 61
63
54 25
58
6 97
62
12 28
72
53 29
1
44 60
46
72 42
35
64 38
84
56 34
87
22 41
9
87 58
34
33 87
100
77 13
2
49 31
39
7 34
4
67 85
1
18 43
95
70 90
90
28 93
59
8 35
21
54 2
61
95 3
99
19 44
25
11 40
26
52 41
65
95 39
24
96 4
86
87 35
99
88 0
31
85 74
89
56 47
97
57 12
95
3 41
50
76 25
28
68 21
91
67 62
7
78 71
47
98 49
68
42 5
35
55 87
48
28 70
39
61 18
77
47 83
34
79 72
7
11 17
48
30 30
26
71 68
50
83 42
82
21 67
54
40 80
68
41 45
95
87 12
9
33 41
26
6 87
62
4 14
67
64 28
17
10 57
89
76 2
83
88 13
82
14 27
72
46 16
48
37 47
97
38 12
63
51 94
80
97 61
55
98 26
62
3 54
8
78 48
75
89 57
84
35 86
85
7 24
12
30 7
93
90 58
83
21 44
77
0 21
71
41 22
22
5 99
51
11 30
28
75 51
31
41 58
84
33 54
13
25 50
48
39 97
82
45 28
32
2 66
42
76 15
52
22 44
85
68 11
75
78 61
29
79 26
1
97 74
86
16 86
60
7 37
24
48 38
33
8 2
83
60 12
40
5 76
6
58 88
63
63 54
40
75 28
6
61 93
43
95 6
10
40 70
52
41 35
11
93 45
86
39 74
19
2 43
78
22 21
59
93 81
21
85 77
24
86 42
90
46 6
71
4 89
21
78 38
72
70 34
91
3 44
91
35 76
60
15 18
95
1 83
55
48 15
44
5 53
42
46 91
38
79 39
43
16 99
74
91 13
74
82 44
17
69 74
28
75 5
11
41 12
88
60 25
55
34 9
8
25 40
17
66 41
91
20 74
37
12 70
87
85 54
49
78 15
8
3 21
2
89 24
37
68 1
4
35 53
88
55 31
89
26 4
29
67 42
23
78 51
21
98 29
15
89 60
87
63 8
21
76 90
69
68 86
46
29 15
17
77 91
83
10 1
50
62 48
91
80 96
35
8 77
93
81 61
65
33 21
30
74 22
21
25 17
44
85 31
50
30 95
18
31 60
51
56 4
23
62 84
82
14 7
57
20 87
43
67 19
45
85 67
14
86 32
71
12 83
85
23 92
89
64 93
38
70 24
85
16 53
93
90 2
80
36 31
79
7 4
41
99 87
8
71 25
96
58 55
90
77 68
99
28 63
39
61 60
13
80 73
98
60 15
63
92 84
49
52 11
6
44 7
26
81 74
65
94 93
62
74 35
82
19 99
60
86 9
11
32 38
98
23 69
1
97 18
90
70 1
87
43 47
87
45 93
5
79 6
80
70 37
69
90 15
33
36 44
23
21 1
97
80 50
24
49 99
8
74 12
23
19 76
13
43 24
54
54 70
95
13 38
59
99 41
94
86 22
55
70 14
18
84 98
20
89 27
67
17 8
87
56 79
13
36 21
3
16 43
97
49 76
73
69 54
16
26 92
99
19 53
50
10 4
34
91 78
29
2 0
70
60 90
99
85 34
21
84 75
70
96 49
26
53 87
66
99 54
54
45 83
81
38 44
86
56 92
73
58 22
85
9 17
9
82 1
61
68 66
65
14 95
44
61 27
68
40 4
3
80 40
85
26 69
52
18 65
100
91 55
38
8 57
48
93 15
52
83 87
38
1 17
98
52 99
80
25 82
79
99 31
19
72 77
76
78 8
51
24 37
78
47 20
92
88 58
88
34 87
3
46 61
99
86 97
85
92 28
1
98 71
76
49 66
39
69 44
92
15 73
62
26 82
2
54 1
47
0 30
22
19 43
7
11 39
88
82 99
82
84 29
51
75 60
40
94 73
59
52 76
86
32 18
53
72 54
65
84 65
63
35 23
24
76 24
32
55 1
48
53 77
81
64 86
84
37 69
100
76 60
45
77 25
26
22 89
59
68 56
19
15 50
36
80 30
89
67 97
55
59 93
10
98 84
52
71 67
48
50 44
35
42 40
86
19 56
32
60 57
32
39 34
63
96 16
14
93 90
94
99 21
87
56 59
87
16 23
27
2 88
85
22 66
36
68 33
8
67 74
28
86 87
23
92 18
67
5 13
93
78 83
3
50 21
46
82 53
81
55 99
24
7 59
2
48 60
75
0 20
22
18 68
4
11 29
12
71 80
53
31 7
38
63 76
46
23 3
52
84 19
42
75 50
10
40 92
56
33 53
89
53 31
86
25 49
32
72 44
3
16 0
32
96 29
63
33 89
50
66 86
93
99 34
96
89 69
49
49 33
25
7 36
36
8 1
43
59 83
5
79 61
71
70 92
3
30 19
8
9 82
40
82 66
50
75 27
26
95 5
26
40 69
56
12 7
46
31 20
39
64 17
37
96 6
26
87 37
66
34 31
23
74 67
77
53 44
50
44 75
6
46 5
28
51 83
87
76 27
72
68 23
82
66 99
48
59 60
13
91 12
6
28 72
13
7 49
14
47 85
13
94 17
95
60 24
63
92 93
33
11 19
10
39 1
43
17 99
13
63 66
24
44 52
14
2 55
31
34 44
79
93 93
66
66 76
100
37 49
86
38 14
49
57 27
88
70 46
89
55 66
52
15 30
95
47 62
100
27 4
8
83 21
75
60 37
54
72 11
69
64 7
1
2 32
39
22 10
10
81 96
16
33 56
4
56 39
65
89 36
45
14 42
98
79 28
37
71 24
75
63 20
13
82 33
89
28 62
67
8 4
89
11 9
76
58 90
23
9 85
2
42 82
58
75 30
25
62 60
63
95 8
6
33 33
88
73 69
84
44 42
40
45 7
10
85 43
28
64 20
88
31 72
41
37 3
8
20 99
59
85 79
11
86 44
6
59 27
65
32 73
92
97 53
69
70 36
17
98 18
65
24 69
45
90 14
92
36 43
9
47 52
52
48 17
85
63 33
59
28 75
30
69 76
52
94 20
28
21 36
48
81 50
58
33 10
98
52 23
87
72 1
73
10 26
31
2 22
11
62 73
40
81 86
84
54 69
57
73 82
66
39 89
91
32 50
39
78 17
96
51 63
8
89 26
88
35 55
58
55 33
67
47 29
70
67 44
9
79 18
49
24 82
14
70 49
17
90 27
68
82 23
12
60 4
91
58 80
20
50 76
64
69 89
100
8 79
84
33 23
75
74 24
89
19 88
5
11 84
50
39 66
77
30 97
79
43 36
23
95 83
100
87 79
48
23 94
27
98 8
84
56 91
28
89 39
66
17 20
78
36 33
37
82 0
8
96 84
82
90 4
1
16 55
79
5 45
99
65 96
38
29 30
47
69 66
73
61 62
71
62 27
22
7 91
82
33 0
81
30 74
72
91 90
16
42 85
68
0 88
58
20 66
67
86 11
51
36 10
65
96 61
19
28 6
68
88 57
92
47 19
89
53 99
2
99 66
12
46 60
78
92 27
72
57 69
28
63 0
67
3 98
2
77 47
26
76 82
55
46 96
19
61 75
82
66 10
99
23 48
59
83 99
30
84 64
75
43 26
12
75 95
49
1 29
3
67 11
28
53 76
15
59 7
93
72 89
52
45 72
80
35 58
28
36 23
10
9 6
25
34 99
88
65 86
88
98 83
36
77 60
72
68 91
75
62 17
70
81 30
25
26 94
50
54 13
71
18 90
69
93 4
74
11 51
21
31 29
90
2 2
11
94 85
57
60 92
13
66 23
61
11 87
36
52 88
76
12 52
31
13 17
80
84 77
99
89 6
8
10 91
61
35 35
15
76 36
79
45 85
67
92 17
13
64 98
22
56 94
31
3 88
22
50 20
29
68 68
88
15 62
24
61 29
22
7 58
11
18 67
25
38 82
87
79 83
42
98 96
24
30 41
81
50 56
69
62 30
88
7 94
31
94 62
60
60 69
47
93 17
74
39 46
30
11 64
15
72 43
12
91 93
3
51 20
43
32 7
54
35 12
42
94 98
9
88 24
35
34 53
49
13 30
68
44 97
33
46 27
10
49 32
86
28 9
85
34 89
88
92 30
97
70 91
56
61 42
83
19 45
95
31 19
33
91 70
15
63 88
14
83 66
85
87 36
12
66 13
59
52 78
92
45 39
45
64 52
88
24 16
42
35 25
44
76 26
60
68 22
34
46 40
13
92 7
26
65 53
85
97 85
40
98 50
44
57 49
13
77 27
53
49 45
31
3 78
31
80 32
68
7 48
7
67 99
19
8 13
20
59 95
45
79 73
16
39 0
6
62 20
10
54 16
66
0 45
52
51 10
32
95 53
30
1 9
4
88 14
18
33 78
25
44 87
78
46 17
32
64 65
70
65 30
81
56 61
84
97 62
23
76 39
25
69 0
66
15 29
96
92 20
51
58 27
74
42 19
89
27 39
37
20 0
91
11 31
95
71 82
4
31 9
31
25 51
40
53 33
87
24 6
79
57 3
97
76 16
33
68 12
39
88 27
51
26 15
89
67 53
55
86 66
33
37 61
10
32 95
38
70 58
3
3 68
26
69 13
71
55 78
61
7 38
23
18 47
72
19 12
54
59 85
64
78 98
90
70 94
44
91 37
72
29 62
67
21 58
79
95 7
48
40 71
12
41 36
84
20 13
13
60 49
64
52 45
24
72 23
62
44 41
37
64 19
61
21 94
21
22 22
93
66 65
84
86 43
4
51 85
97
97 52
96
57 16
22
89 48
66
14 54
9
78 75
100
70 71
97
36 78
60
82 45
20
28 74
19
8 16
99
60 26
44
5 90
97
50 98
99
95 20
17
41 49
11
81 85
58
72 36
47
85 55
70
64 32
54
22 35
34
74 82
19
46 20
10
59 39
76
13 72
77
79 17
35
97 65
63
82 22
10
55 68
11
27 6
71
19 2
40
91 27
59
77 92
3
83 23
18
48 65
57
21 48
4
60 39
23
33 22
30
25 18
61
64 9
99
10 38
3
56 5
74
81 98
2
14 8
55
25 54
65
20 88
16
45 32
7
86 33
73
31 97
57
78 29
16
57 6
91
89 38
38
55 45
31
1 74
83
7 5
1
59 52
12
78 65
73
24 94
86
16 90
33
63 22
40
29 29
19
40 38
72
6 45
13
92 85
32
58 92
88
42 84
53
75 32
26
61 97
55
8 91
15
54 58
11
74 36
74
39 78
49
44 44
94
43 48
6
67 33
92
12 97
62
13 62
87
32 75
61
79 7
56
43 84
51
17 32
94
35 80
20
76 81
53
82 12
35
88 92
62
6 22
79
92 62
14
63 35
85
50 65
82
61 74
14
6 58
79
44 21
56
39 91
33
13 39
42
59 6
86
72 88
24
32 52
22
23 83
96
89 28
18
99 78
97
5 34
87
65 85
52
71 16
71
57 81
49
17 45
36
68 90
23
29 19
3
15 84
12
40 28
16
60 6
79
92 75
45
2 1
47
61 87
98
27 94
20
19 90
6
93 39
53
66 22
72
20 55
71
86 0
37
31 64
58
51 42
45
43 38
51
89 5
47
87 81
85
47 8
95
1 41
18
13 52
80
4 83
87
32 65
90
70 28
29
56 93
11
9 18
86
96 86
77
1 77
34
58 59
48
77 72
20
49 90
39
42 51
36
15 97
11
62 29
48
8 58
51
27 71
83
19 67
91
44 11
2
11 63
91
39 45
18
54 61
58
41 91
83
12 64
37
95 98
91
28 8
60
88 59
11
47 21
66
92 29
99
57 71
26
63 2
89
68 80
27
21 5
41
40 18
62
38 94
43
30 53
39
91 69
50
81 55
14
54 38
3
27 84
32
19 80
62
39 58
87
31 54
24
23 50
37
51 32
97
24 15
34
84 66
16
96 40
83
55 2
53
1 31
32
53 78
26
99 45
69
57 48
29
9 8
85
77 26
87
5 37
67
98 85
29
77 62
58
50 45
43
42 41
15
61 54
6
81 32
13
26 96
48
54 15
74
12 18
36
30 66
71
83 78
48
43 5
23
84 43
70
95 52
45
33 77
48
12 54
45
4 50
26
24 28
46
35 37
85
36 2
95
76 38
10
22 67
11
88 49
67
53 91
38
99 58
76
45 87
68
5 14
76
38 48
90
56 96
27
49 57
18
68 70
67
39 12
92
90 94
81
82 90
10
94 64
74
40 93
62
12 31
51
72 45
29
16 1
48
75 87
16
35 14
53
87 61
16
45 64
66
38 25
33
76 51
20
14 76
74
26 50
58
78 97
97
49 70
8
91 36
14
61 44
26
48 74
75
94 41
31
73 18
58
18 82
37
20 12
91
11 43
32
63 90
31
83 68
74
29 97
1
75 64
8
94 77
93
21 93
13
87 38
85
60 84
100
33 67
3
34 32
79
99 12
12
10 83
35
16 14
97
57 15
88
22 57
39
14 53
47
46 42
64
92 9
19
5 4
40
78 74
56
49 47
34
50 12
64
69 25
51
0 11
85
79 75
95
82 80
72
83 45
88
0 47
55
41 48
41
40 83
24
43 8
63
87 51
34
33 80
4
74 81
52
56 63
25
43 93
92
77 6
10
69 2
4
19 1
44
78 87
21
70 83
76
90 61
16
63 44
64
83 22
77
48 64
65
94 31
63
60 38
26
39 15
30
11 33
33
63 80
65
84 23
12
73 93
34
52 70
8
53 35
15
25 53
100
72 48
46
45 31
99
2 69
4
76 18
13
49 1
84
68 14
61
14 43
57
74 94
77
66 90
77
18 13
66
16 89
87
90 38
87
48 41
36
0 1
13
19 14
99
11 10
39
70 96
30
30 23
45
71 61
60
29 64
22
94 44
30
41 38
95
87 5
60
44 43
6
62 97
28
14 20
90
93 84
53
66 67
97
12 96
48
45 44
61
32 74
13
38 5
55
49 14
18
35 79
50
14 56
50
96 95
51
7 17
22
13 97
64
70 73
41
29 41
25
48 54
71
40 50
2
5 92
95
6 57
11
52 24
77
44 20
100
75 44
98
21 73
21
87 18
75
34 12
56
25 43
61
56 30
69
68 4
56
86 58
61
38 18
76
97 67
56
24 83
65
43 96
32
90 28
8
17 44
99
82 24
48
1 99
20
47 66
24
48 31
3
11 0
72
71 51
75
40 63
26
73 60
12
25 20
26
56 7
84
62 87
80
22 14
77
73 96
96
74 61
2
43 73
43
90 5
6
55 47
88
96 85
100
1 76
12
18 16
87
36 70
70
9 53
49
28 66
71
41 5
23
5 82
45
52 14
81
61 99
86
81 77
62
93 51
76
66 34
65
85 47
42
56 20
52
97 21
55
22 27
94
35 46
76
13 64
27
59 31
58
65 74
54
76 83
90
82 14
48
55 60
31
96 98
44
28 43
63
63 37
3
75 11
88
21 40
23
81 54
78
33 14
68
19 79
19
85 24
51
30 88
8
31 53
1
64 1
100
2 26
28
54 73
83
74 51
62
66 47
85
67 12
75
12 76
36
72 90
7
70 17
39
43 63
45
16 46
8
28 20
69
88 71
55
99 80
30
71 18
41
76 96
46
69 57
85
26 95
85
27 60
8
6 37
29
50 80
33
91 81
60
61 89
60
94 86
100
27 96
12
74 28
34
19 92
2
12 53
24
4 49
80
23 62
59
24 27
97
89 7
44
36 1
46
96 52
96
55 14
69
47 10
65
57 60
42
68 69
4
14 98
52
26 72
52
92 54
83
38 83
68
50 57
71
69 70
26
15 99
94
61 66
29
7 95
14
8 60
32
27 73
72
25 0
91
30 78
7
75 86
57
94 99
96
95 64
65
20 70
31
66 37
32
12 66
81
86 15
48
53 67
35
24 40
26
89 20
80
76 50
7
36 14
69
96 65
32
55 27
82
58 38
5
69 47
98
62 8
98
7 72
24
18 81
58
19 46
85
39 24
13
50 70
27
42 66
86
73 53
97
19 82
49
20 47
49
66 14
3
39 60
15
31 56
58
32 21
67
23 52
14
24 17
22
16 13
72
35 26
16
47 0
53
53 80
16
46 41
68
64 89
42
9 10
44
68 59
7
38 73
42
90 83
81
69 60
84
42 43
19
62 21
52
7 85
19
81 34
47
12 20
4
83 80
81
94 89
80
41 83
11
87 50
90
33 79
90
78 1
94
65 31
20
76 40
40
22 69
70
34 80
27
65 67
20
57 63
15
98 64
75
89 95
89
69 37
95
42 20
63
20 1
50
75 53
63
8 63
90
54 30
99
12 33
79
52 69
9
4 29
32
32 11
4
24 7
4
64 43
67
75 89
79
35 16
31
87 63
41
33 92
42
46 31
14
97 76
46
3 69
61
69 14
9
7 39
58
67 90
49
26 52
4
19 13
29
78 99
38
30 22
10
91 38
92
28 98
34
27 53
95
73 20
5
6 79
59
31 23
36
23 19
62
41 73
10
87 40
100
52 82
50
93 83
62
25 65
16
46 8
13
37 39
61
57 17
18
3 46
35
76 30
43
80 0
15
13 96
57
18 25
5
37 75
76
3 82
92
49 49
99
50 14
73
36 79
100
7 52
93
0 13
57
79 77
53
11 22
65
31 0
88
82 82
40
53 24
6
45 20
94
10 62
92
96 22
4
68 3
28
1 13
15
88 18
29
33 82
29
66 79
87
65 34
74
37 52
36
2 94
26
98 31
94
14 68
49
55 69
32
42 23
37
8 30
34
41 27
100
31 13
90
72 14
33
23 9
5
29 89
39
33 59
58
53 37
12
45 33
73
64 46
60
57 7
55
2 71
42
7 6
86
86 70
28
13 86
61
32 99
94
78 66
65
98 44
94
58 8
34
90 40
67
91 5
5
50 4
4
42 0
81
47 78
72
8 7
21
48 43
2
40 39
67
19 16
61
11 12
16
92 86
46
58 93
57
29 66
50
75 33
42
48 79
56
40 75
79
41 40
50
6 82
25
53 14
94
4 9
83
10 52
33
56 19
35
2 48
57
22 26
31
54 95
39
88 8
88
66 69
44
4 94
30
32 76
52
51 89
52
24 72
96
97 56
74
57 20
24
35 81
82
36 46
77
15 23
57
55 59
26
96 97
84
63 36
73
77 83
65
47 91
41
48 56
87
33 13
100
52 26
41
44 22
42
84 15
47
42 98
12
2 25
75
21 75
9
22 3
42
81 89
24
73 85
24
33 49
87
39 92
70
86 24
94
56 32
20
76 10
19
22 39
63
15 0
23
18 5
25
59 43
77
89 65
35
76 95
81
36 59
35
29 20
69
48 33
11
58 83
90
69 92
86
95 1
43
73 62
69
72 17
91
39 69
15
51 43
9
62 89
23
14 12
40
85 72
8
13 53
18
86 37
97
23 97
27
97 46
26
16 58
55
89 42
53
96 87
87
28 32
7
47 45
14
13 89
8
59 56
29
18 18
2
65 99
10
71 30
1
17 59
80
82 39
91
29 33
74
21 29
22
81 43
83
5 84
60
92 89
9
10 19
72
81 79
35
8 95
15
74 40
70
86 14
94
31 78
55
84 90
25
96 64
52
1 55
98
4 97
35
45 98
51
70 42
91
16 71
23
76 85
53
82 16
5
9 32
27
77 50
35
1 91
12
80 55
40
6 26
30
92 66
25
58 73
7
42 65
93
21 42
100
74 17
12
51 33
77
97 0
67
75 98
44
54 75
91
95 76
35
66 49
54
86 27
93
4 74
68
78 23
12
72 92
55
70 19
6
43 65
45
16 48
56
28 22
57
48 0
16
76 98
58
49 81
60
50 46
98
29 23
44
69 59
86
40 32
53
80 68
18
26 97
37
73 29
83
18 93
73
19 58
72
85 3
82
54 52
69
74 30
53
11 90
42
39 72
56
24 29
79
43 42
5
84 80
50
55 16
73
53 92
98
59 23
72
99 59
7
46 53
100
79 1
58
17 26
20
57 62
87
36 39
99
3 91
37
48 13
19
26 74
52
46 89
43
92 56
10
38 85
76
79 86
27
58 63
95
7 97
20
0 58
44
19 71
32
25 2
99
12 32
50
30 80
21
35 15
19
41 95
39
32 46
84
56 74
49
35 51
40
68 48
45
1 58
8
28 12
60
77 53
51
68 84
9
42 32
63
15 78
78
7 74
97
73 19
66
18 83
68
19 48
32
79 99
15
30 57
73
71 95
62
51 0
99
75 65
46
94 78
15
54 42
21
13 10
81
31 58
94
51 36
40
96 44
39
87 75
86
47 2
90
45 78
53
64 91
19
37 74
38
38 39
76
92 10
21
57 52
13
97 88
66
76 65
30
38 75
49
82 81
56
42 45
9
7 87
21
40 84
84
60 62
84
39 39
82
85 6
24
12 22
13
91 86
16
51 13
62
94 91
16
37 51
47
56 64
19
76 42
70
68 38
77
28 2
93
46 56
17
92 23
11
37 87
20
38 52
97
5 18
68
57 65
55
50 26
36
7 64
93
8 29
93
79 89
60
31 12
100
84 24
71
21 84
95
95 33
98
0 61
36
41 62
31
72 49
43
84 60
32
2 70
57
76 19
51
96 34
50
34 59
68
99 39
76
66 91
70
86 69
67
32 98
11
38 29
11
56 77
89
68 51
72
14 80
51
61 12
43
80 25
90
7 41
10
67 92
22
42 35
69
62 13
100
48 78
62
95 10
26
0 38
21
19 51
88
31 25
98
72 26
69
25 67
43
72 62
80
44 80
5
10 87
91
51 88
69
38 6
13
49 15
60
68 28
17
15 22
60
78 78
1
97 91
59
98 56
2
61 25
46
94 22
77
79 79
52
82 84
83
29 78
36
48 91
19
60 65
90
34 13
14
52 61
89
25 44
87
72 39
64
45 22
35
64 35
32
65 0
93
10 64
40
34 49
13
93 98
73
45 58
3
86 59
68
38 19
57
24 84
90
43 97
42
35 93
18
14 70
17
15 35
60
67 82
22
27 9
22
59 78
42
78 91
40
70 87
94
30 14
60
36 94
89
82 61
81
83 26
22
60 42
91
53 3
4
44 34
88
64 12
95
10 41
21
62 88
53
22 15
28
54 84
24
87 32
79
74 62
62
99 6
44
46 0
29
86 36
75
56 44
31
89 41
53
22 51
39
100
25
0
74
3
20
5
68
9
36
20
61
25
23
26
89
28
52
30
45
32
80
47
28
52
26
54
73
57
41
59
22
62
36
67
94
68
5
69
29
70
76
74
77
77
13
81
20
83
55
90
82
