100 100
5000
13 88
98
71 29
64
16 93
53
29 32
33
6 48
90
9 90
93
50 91
26
41 42
34
25 34
3
44 47
10
85 48
65
2 50
36
59 32
71
4 96
34
78 45
28
97 58
33
36 48
2
55 61
3
96 99
7
30 4
52
29 45
4
22 5
36
25 47
55
98 0
17
43 64
41
15 2
65
78 58
91
17 48
91
94 2
62
52 5
10
10 8
47
54 51
4
66 61
81
24 64
55
82 5
100
1 80
75
17 61
81
77 75
38
94 15
41
61 67
97
52 18
6
10 21
95
54 64
8
67 3
2
12 67
92
86 16
59
31 80
60
47 24
12
79 13
22
65 78
13
63 5
25
82 18
88
21 8
24
26 86
81
58 75
74
42 67
85
33 18
59
0 70
11
19 83
44
93 32
25
32 22
98
95 78
15
12 80
44
86 29
29
72 94
23
70 21
5
89 34
87
56 86
32
28 24
10
88 75
54
5 40
84
46 78
95
49 83
16
68 96
99
21 21
2
62 22
60
7 86
41
81 35
1
42 80
89
83 81
90
74 32
39
19 96
100
13 22
41
32 35
84
35 40
68
9 24
96
28 37
63
30 46
84
90 97
24
62 35
38
81 48
70
20 38
44
39 51
59
83 94
63
96 33
28
25 89
39
99 38
98
76 54
72
34 94
47
50 38
14
71 97
4
84 36
44
4 43
6
23 56
81
76 67
48
15 57
32
94 57
50
52 60
43
85 8
9
43 11
83
1 14
15
87 54
79
80 14
34
38 54
79
79 55
32
98 68
33
73 11
40
18 75
87
94 70
79
52 73
11
10 76
95
45 70
13
86 71
18
61 14
98
47 79
1
80 27
90
98 81
54
63 60
65
54 11
34
40 76
40
72 28
2
75 70
28
74 74
33
93 87
70
46 12
53
65 25
64
51 90
72
49 17
57
68 30
42
7 20
93
70 76
81
89 89
84
42 14
50
28 79
20
47 92
53
19 30
13
60 31
78
5 95
23
63 73
61
53 28
90
72 41
84
37 20
96
14 36
52
74 87
89
32 90
44
49 30
24
16 82
16
90 31
1
35 95
32
7 33
30
26 46
90
67 84
10
70 89
91
83 28
98
28 92
63
25 23
87
34 28
16
78 34
63
97 47
61
13 90
59
99 93
92
71 31
85
90 44
75
48 47
2
6 50
52
50 93
22
85 50
75
2 52
90
78 47
95
97 60
88
38 96
10
85 63
72
24 53
37
98 2
96
43 66
96
15 4
26
1 69
86
17 50
28
77 64
23
80 69
7
52 7
5
54 53
87
87 1
84
45 4
68
86 5
72
31 69
80
3 7
5
89 10
59
66 63
37
79 2
94
43 79
32
82 7
93
58 64
58
77 77
18
80 82
88
33 7
28
52 20
51
93 21
14
54 66
38
12 69
3
86 18
65
31 82
47
70 10
29
89 23
33
28 13
66
88 64
76
79 15
80
5 29
64
63 7
98
49 72
42
82 20
73
68 85
31
26 88
24
0 72
98
19 85
20
93 34
37
35 29
86
67 18
100
28 26
54
46 80
17
21 23
2
81 37
8
23 32
88
83 83
67
0 85
8
60 99
91
35 42
100
76 43
41
34 83
91
92 24
12
9 26
18
50 27
43
69 40
7
27 43
11
30 48
17
71 86
54
90 99
33
62 37
92
20 40
58
39 53
70
96 35
33
25 91
41
99 40
84
13 37
83
34 96
52
92 37
20
50 40
74
69 53
32
30 61
72
84 38
17
1 3
25
87 43
96
45 46
66
96 48
7
99 53
78
38 43
53
57 56
20
98 57
95
15 59
56
73 0
30
18 64
77
31 3
97
91 54
48
94 59
39
24 0
78
84 51
61
10 65
61
1 16
71
45 59
85
61 3
92
80 16
2
38 56
9
79 57
93
82 62
11
54 0
93
40 65
54
12 3
73
94 72
73
33 62
57
52 75
30
93 76
87
46 1
10
67 60
39
86 73
41
70 65
71
3 75
91
58 11
81
89 78
78
42 3
43
61 16
74
79 70
78
95 14
56
40 78
46
88 11
47
33 75
98
49 19
45
35 84
68
67 73
42
86 86
10
89 91
66
42 16
5
28 81
76
47 94
11
34 17
93
37 22
6
56 35
95
14 38
5
74 89
44
13 79
43
71 20
55
35 97
40
7 35
94
9 81
30
83 30
11
60 46
2
44 38
11
2 41
5
62 92
15
34 30
30
37 35
47
78 36
44
97 49
23
14 51
37
71 33
32
16 97
91
90 46
52
29 36
20
48 49
20
92 92
75
50 95
25
8 98
73
2 54
31
84 93
61
76 3
19
78 49
77
55 65
88
29 49
64
73 55
64
64 6
57
66 52
22
24 55
31
1 71
37
36 65
53
77 66
65
52 9
92
73 68
49
45 6
86
47 15
75
79 4
8
65 69
94
98 17
56
82 9
7
68 74
5
40 12
55
77 79
64
75 6
57
42 58
73
80 84
44
33 9
20
74 10
71
19 74
65
93 23
81
10 25
88
12 71
97
31 84
41
72 85
76
70 12
1
28 15
39
47 28
40
46 69
8
63 9
4
49 74
95
68 87
71
40 25
70
7 77
26
0 74
2
32 26
19
51 39
10
35 31
51
95 82
26
70 25
52
37 77
40
56 90
47
46 82
63
49 87
7
62 26
64
7 90
97
81 39
8
20 29
52
39 42
6
83 85
41
0 87
69
41 88
36
13 26
47
44 93
83
32 39
92
2 96
91
76 45
64
34 85
30
53 98
61
92 26
40
37 90
42
69 42
47
71 88
24
62 39
10
20 42
8
23 47
20
64 48
69
83 98
21
25 93
57
99 42
20
57 45
18
15 48
53
92 39
81
50 42
20
27 58
93
30 63
89
84 40
80
87 45
70
4 47
54
45 48
52
73 2
31
18 66
72
31 5
21
52 64
28
24 2
24
10 67
23
84 53
19
45 61
18
3 64
32
77 13
69
89 67
95
61 5
9
80 18
9
19 8
43
79 59
38
82 64
67
54 2
96
95 3
49
40 67
17
12 5
54
31 18
29
72 19
49
75 61
97
88 0
61
52 77
14
93 78
60
10 80
3
49 8
24
68 21
42
86 75
95
89 80
78
28 70
84
61 18
67
5 86
93
82 77
76
40 80
8
81 81
22
53 19
54
88 13
10
46 16
8
32 81
27
68 34
88
70 80
59
0 21
69
60 35
45
21 80
88
62 81
9
34 19
100
74 91
100
32 94
85
71 22
22
16 86
97
90 35
71
48 38
69
92 81
28
6 41
38
9 83
96
83 32
3
69 97
31
44 40
43
2 43
76
20 97
27
97 51
47
36 41
2
55 54
13
96 92
15
13 94
46
99 97
89
71 35
68
48 51
43
6 54
60
2 56
92
43 57
64
84 95
76
59 38
19
18 0
4
78 51
84
17 41
65
36 54
53
55 67
57
73 57
9
64 8
22
31 60
62
66 54
8
85 67
25
24 57
44
98 6
82
43 70
23
17 54
98
80 73
5
93 12
50
73 70
69
12 60
20
86 9
94
31 73
74
70 1
15
88 55
41
79 6
8
82 11
43
21 1
44
40 14
59
58 68
48
77 81
39
42 60
15
80 86
55
93 25
14
32 15
26
35 20
44
54 70
64
95 71
66
67 9
3
12 73
15
86 22
57
72 87
23
89 27
87
56 79
69
88 68
36
47 30
10
65 84
92
68 89
70
21 14
56
26 92
38
39 31
99
42 73
34
83 74
30
60 90
42
13 15
19
32 28
95
51 41
63
34 74
41
37 79
60
9 17
82
28 30
18
14 95
97
27 34
58
30 39
65
49 89
5
7 92
49
81 41
34
48 93
30
4 23
45
23 36
69
83 87
14
96 26
34
41 90
93
25 82
14
99 31
26
13 28
35
57 34
21
76 47
33
92 28
6
78 93
17
50 31
86
8 34
75
11 39
51
87 34
33
25 95
75
38 34
64
57 47
39
15 50
60
18 55
62
6 1
89
91 45
81
8 47
5
94 50
98
11 52
97
52 53
79
85 1
71
43 4
97
84 42
73
45 50
52
3 53
15
22 66
27
82 53
69
15 63
96
73 4
92
18 68
10
75 50
51
33 53
24
52 66
18
65 5
97
58 2
65
89 69
21
77 15
48
63 53
89
82 66
42
21 56
89
95 5
36
54 4
43
12 7
13
68 23
46
26 26
49
67 64
53
86 77
91
89 82
64
42 7
86
28 72
13
0 10
55
60 24
95
63 66
47
21 69
30
95 18
66
40 82
9
34 8
61
72 34
36
37 13
89
56 26
39
14 29
14
93 93
47
46 18
31
32 83
50
49 23
27
90 24
13
35 88
10
7 26
41
70 82
94
0 23
41
41 24
28
44 29
64
81 96
56
34 21
85
53 34
52
20 86
18
37 26
19
97 40
88
14 42
36
13 83
36
32 96
25
71 24
54
16 88
16
90 37
46
29 27
14
92 83
39
9 85
94
25 29
32
44 42
85
20 99
10
59 27
72
4 91
76
78 40
9
97 53
43
96 94
46
99 99
93
71 37
93
38 89
42
6 56
89
22 0
59
25 42
32
85 56
55
84 97
40
59 40
55
78 53
94
17 43
97
36 56
10
77 57
77
54 46
55
73 59
14
31 62
81
89 3
50
66 56
62
24 59
56
98 8
3
82 0
99
17 56
7
58 57
4
77 70
66
61 62
4
33 0
80
93 14
41
51 17
22
54 59
98
31 75
88
72 76
94
70 3
100
89 16
75
79 8
51
5 22
24
65 73
72
46 60
65
82 13
81
21 3
25
0 65
87
74 14
93
19 78
94
51 30
7
12 75
50
9 6
43
47 32
83
14 84
50
46 73
88
5 35
22
49 78
97
68 91
32
62 17
90
7 81
28
26 94
3
20 20
16
39 33
34
0 78
33
60 92
33
13 17
17
32 30
70
44 84
3
35 35
64
95 86
26
34 76
28
53 89
62
37 81
18
56 94
64
50 20
78
14 97
51
27 36
40
30 41
18
71 79
89
90 92
26
7 94
94
48 95
57
20 33
19
39 46
100
4 25
84
23 38
33
96 28
12
41 92
94
13 30
29
99 33
76
16 35
56
34 89
82
92 30
73
37 94
72
78 95
46
50 33
29
69 46
17
11 41
8
29 95
63
4 38
79
45 39
97
64 52
62
55 3
86
99 46
82
38 36
46
57 49
61
98 50
72
15 52
78
59 95
56
91 47
100
8 49
23
94 52
65
11 54
38
84 44
54
87 49
45
3 55
69
22 68
92
80 9
10
75 52
74
94 65
86
33 55
20
52 68
40
65 7
47
68 12
2
67 53
68
3 68
49
89 71
18
61 9
51
19 12
9
79 63
10
95 7
40
12 9
54
46 7
71
65 20
96
10 84
43
51 85
21
49 12
19
67 66
56
26 28
81
86 79
55
70 71
100
83 10
93
0 12
98
19 25
25
21 71
100
95 20
60
81 85
8
34 10
90
53 23
97
37 15
35
56 28
88
13 72
3
32 85
31
90 26
89
35 90
100
48 29
61
83 23
100
41 26
48
60 39
64
25 18
78
44 31
82
2 34
29
62 85
68
81 98
11
34 23
98
37 28
62
23 93
52
29 29
9
92 85
22
50 88
51
85 45
56
43 48
24
4 93
57
78 42
47
36 45
62
96 96
55
55 58
48
29 42
42
22 2
42
66 45
9
24 48
98
84 99
9
1 64
50
17 45
75
77 59
21
52 2
96
12 51
24
86 0
32
3 2
86
89 5
96
47 8
62
66 58
60
65 62
67
98 10
30
82 2
1
40 5
24
58 59
9
42 51
74
33 2
75
74 3
32
95 62
15
12 64
46
86 13
75
72 78
38
89 18
83
5 24
98
68 80
55
40 18
59
81 19
51
7 70
83
58 72
65
42 64
75
74 16
86
19 80
30
32 19
17
95 75
31
67 13
76
72 91
25
37 70
25
56 83
78
9 8
42
69 22
70
88 72
56
5 37
44
49 80
50
62 19
99
7 83
54
23 27
24
83 78
23
0 80
54
96 17
82
41 81
36
60 94
2
13 19
2
99 22
37
44 86
76
32 32
90
34 78
78
92 19
9
37 83
92
97 97
68
50 22
37
71 81
73
62 32
45
48 97
28
4 27
42
96 30
32
41 94
68
44 99
53
76 51
91
59 84
73
78 97
80
50 35
33
8 38
20
27 51
83
11 43
36
30 56
74
71 94
83
4 40
30
45 41
38
25 99
14
57 51
48
98 52
51
15 54
68
59 97
78
75 41
7
94 54
1
52 57
28
10 60
98
1 11
46
86 55
96
79 52
89
98 65
19
82 57
90
72 12
63
75 54
30
52 70
75
68 14
48
86 68
43
70 60
1
89 73
62
47 76
51
0 1
39
19 14
34
79 65
86
5 79
75
82 70
73
95 9
42
53 12
27
56 17
39
88 6
86
46 9
27
32 74
5
65 22
82
49 14
36
67 68
19
26 30
24
70 73
84
83 12
6
0 14
79
41 15
28
60 28
38
5 92
26
62 74
82
81 87
15
34 12
19
53 25
38
37 17
79
56 30
4
97 31
78
13 74
10
32 87
3
71 15
59
16 79
12
35 92
87
48 31
23
6 34
76
9 76
88
83 25
94
69 90
99
41 28
93
27 93
48
60 41
57
25 20
82
30 98
31
2 36
55
20 90
85
4 82
10
78 31
32
97 44
53
36 34
12
55 47
49
13 87
9
99 90
39
16 92
9
48 44
70
6 47
4
25 33
43
66 34
92
11 98
43
85 47
11
2 49
96
84 88
80
1 53
86
87 93
70
59 31
96
4 95
45
78 44
36
29 44
39
73 50
85
64 1
54
22 4
82
66 47
14
43 63
24
59 44
54
17 47
45
58 48
19
77 61
54
52 4
91
10 7
3
54 50
39
73 63
53
12 53
33
3 4
26
88 48
8
24 63
80
40 7
29
26 72
13
80 79
63
33 4
31
74 5
80
19 69
24
51 21
17
95 64
70
67 2
91
12 66
94
53 67
97
86 15
71
70 7
65
46 64
27
65 77
47
63 4
4
81 21
52
0 69
83
74 18
46
35 26
45
95 77
87
34 67
50
53 80
52
92 8
95
56 85
46
9 10
76
28 23
19
90 83
40
7 85
74
39 37
44
23 29
37
83 80
23
41 83
25
60 96
31
13 21
13
99 24
44
2 91
27
92 21
10
78 86
47
8 27
97
27 40
3
90 96
57
48 99
41
87 27
33
25 88
77
99 37
15
76 53
46
18 48
99
78 99
43
50 37
78
91 38
5
17 89
23
11 45
13
30 58
16
84 35
79
1 0
89
3 46
58
22 59
53
79 41
95
98 54
4
15 56
44
31 0
42
91 51
100
52 59
14
1 13
63
45 56
4
3 59
3
77 8
43
22 72
31
80 13
96
79 54
63
98 67
91
63 46
34
82 59
42
40 62
7
12 0
8
72 14
88
75 56
79
33 59
45
52 72
100
65 11
12
51 76
21
49 3
61
26 19
25
86 70
78
70 62
9
58 8
58
89 75
42
42 0
74
28 65
13
61 13
46
19 16
90
60 17
79
5 81
85
95 11
41
40 75
35
81 76
12
72 27
29
37 6
70
93 86
83
46 11
11
7 19
63
70 75
70
9 65
12
0 16
40
41 17
55
60 30
59
5 94
36
21 75
7
81 89
49
20 79
36
53 27
60
39 92
65
23 84
25
97 33
84
55 36
23
13 76
9
71 17
22
16 81
67
90 30
21
35 94
44
29 20
59
6 36
76
9 78
75
83 27
62
69 92
43
41 30
25
25 22
34
85 36
81
2 38
9
62 89
91
20 92
38
59 20
57
4 84
33
78 33
57
23 97
59
36 36
91
96 87
19
55 49
37
99 92
75
71 30
50
16 94
56
57 95
11
29 33
22
48 46
78
15 98
80
92 89
55
66 36
77
24 39
14
43 52
47
87 95
10
1 55
21
59 33
72
17 36
39
36 49
39
75 98
34
24 52
44
98 1
15
17 49
81
58 50
63
77 63
26
80 68
51
93 7
96
10 9
16
54 52
62
73 65
6
89 9
88
47 12
4
79 1
10
26 74
31
61 68
24
0 58
10
19 71
68
93 20
63
32 10
93
35 15
100
95 66
66
53 69
11
65 79
79
68 84
13
7 74
77
26 87
94
42 68
51
0 71
90
74 20
49
60 85
36
16 15
22
35 28
34
95 79
4
53 82
10
37 74
74
97 88
7
50 13
87
69 26
98
14 90
5
71 72
98
30 34
28
7 87
63
48 88
55
39 39
48
83 82
54
96 21
1
41 85
10
60 98
98
25 77
84
13 23
5
99 26
85
16 28
96
76 42
46
34 82
92
78 88
18
69 39
75
36 91
65
8 29
75
71 85
2
30 47
33
90 98
60
84 24
33
87 29
17
66 91
7
99 39
38
57 42
99
15 45
39
59 88
7
17 91
52
91 40
56
8 42
15
11 47
22
52 48
3
1 2
59
22 61
95
82 48
10
15 58
82
91 53
32
75 45
17
94 58
57
33 48
31
52 61
59
65 0
2
10 64
15
68 5
53
26 8
83
86 59
25
3 61
32
77 10
65
19 5
4
79 56
68
63 48
35
95 0
71
12 2
93
53 3
48
72 16
21
33 61
4
74 62
72
10 77
9
49 5
45
7 8
30
67 59
3
26 21
49
70 64
11
19 18
80
60 19
50
63 61
38
53 16
32
72 29
29
37 8
53
56 21
60
32 78
24
16 70
37
48 22
76
70 77
53
69 81
90
5 96
93
44 24
88
34 16
89
20 81
1
97 35
15
14 37
54
99 81
19
32 91
100
16 83
97
35 96
80
76 97
73
29 22
64
92 78
90
50 81
87
69 94
60
41 32
37
27 97
46
44 37
84
85 38
23
2 40
20
43 41
46
4 86
87
97 48
8
96 89
67
71 32
77
38 84
11
29 35
83
6 51
15
66 38
35
84 92
86
59 35
86
17 38
89
77 52
56
38 97
68
12 44
18
31 57
56
22 8
6
24 54
90
98 3
55
68 60
76
1 70
63
77 65
85
42 44
85
51 12
58
54 54
46
89 11
65
65 68
43
68 73
8
7 63
90
61 70
3
0 60
5
60 74
60
93 22
72
32 12
35
51 25
64
95 68
54
34 58
30
53 71
7
72 84
24
56 76
88
9 1
15
28 14
18
47 27
83
46 68
58
49 73
49
81 25
89
26 89
75
20 15
55
39 28
90
0 73
23
41 74
89
32 25
15
44 79
65
53 84
11
92 12
70
37 76
50
97 90
51
50 15
70
69 28
6
14 92
87
71 74
97
30 36
50
29 77
52
48 90
16
20 28
58
39 41
69
83 84
96
41 87
32
25 79
30
44 92
51
85 93
27
92 25
66
78 90
64
50 28
92
69 41
100
8 31
56
84 26
48
87 31
78
45 34
8
22 50
62
25 92
51
66 93
81
57 44
93
98 45
4
15 47
7
59 90
60
17 93
57
75 34
35
84 39
37
45 47
97
22 63
54
82 50
63
73 1
70
31 4
28
75 47
78
94 60
24
33 50
10
52 63
55
93 64
50
65 2
46
68 7
6
67 48
33
26 10
45
86 61
68
3 63
51
89 66
81
47 69
4
63 50
35
82 63
31
95 2
96
40 66
59
53 5
13
33 63
4
32 67
60
51 80
36
68 20
72
67 61
56
86 74
55
42 4
17
83 5
26
28 69
16
47 82
99
0 7
36
41 8
26
60 21
12
5 85
20
44 13
5
63 63
80
62 67
30
53 18
8
97 24
74
14 26
62
74 77
83
32 80
83
16 72
2
7 23
19
48 24
62
6 27
100
83 18
48
28 82
50
41 21
37
60 34
28
27 86
32
44 26
36
30 91
7
2 29
27
34 18
35
39 96
10
37 23
14
4 75
16
23 88
38
97 37
84
36 27
28
55 40
40
99 83
57
90 34
62
57 86
5
76 99
83
48 37
57
92 80
14
6 40
78
50 83
23
69 96
61
27 99
61
11 91
70
59 24
7
78 37
68
17 27
87
96 91
91
55 53
98
99 96
90
57 99
12
73 43
53
50 96
40
8 99
74
66 40
52
24 43
36
59 37
73
58 41
6
61 46
16
80 59
7
38 99
69
10 0
79
73 56
90
12 46
39
89 0
97
88 41
56
24 56
21
68 62
40
40 0
94
58 54
74
80 72
70
0 49
76
19 62
97
10 13
49
54 56
60
95 57
45
12 59
22
86 8
55
72 73
98
28 3
100
47 16
12
88 54
72
65 70
79
68 75
58
40 13
79
7 65
86
81 14
4
42 59
27
0 62
31
74 11
77
19 75
89
93 24
21
16 6
56
35 19
100
95 70
38
53 73
45
72 86
60
28 16
55
14 81
23
5 32
94
46 70
81
26 91
52
23 22
11
41 76
31
60 89
4
99 17
32
76 33
83
34 73
60
78 79
1
97 92
82
50 17
94
8 20
51
27 33
17
11 25
64
30 38
94
29 79
66
20 30
79
6 95
27
64 36
42
41 89
26
25 81
15
76 46
49
59 79
97
91 31
70
8 33
49
94 36
47
11 38
74
30 51
12
71 89
67
29 92
2
87 33
36
4 35
72
64 49
42
57 46
35
98 47
8
17 95
49
52 52
10
10 55
71
1 6
21
54 98
70
3 52
94
89 55
36
22 65
70
80 6
47
63 39
11
40 55
98
33 52
20
93 66
74
51 69
82
86 63
76
58 1
29
89 68
34
61 6
35
19 9
72
60 10
61
79 60
22
21 55
79
95 4
16
81 69
98
53 7
27
56 12
59
88 1
56
93 79
28
46 4
17
51 82
10
49 9
44
67 63
35
26 25
37
70 68
37
28 71
37
47 84
94
0 9
6
41 10
39
21 68
28
34 7
60
20 72
7
53 20
20
37 12
72
97 26
80
14 28
46
55 29
5
13 69
94
71 10
95
90 23
22
35 87
68
29 13
35
92 69
89
6 29
3
83 20
82
41 23
42
27 88
58
25 15
28
85 29
83
2 31
98
20 85
8
39 98
100
4 77
15
97 39
43
55 42
55
15 91
19
48 39
69
18 96
96
50 85
92
69 98
58
25 28
16
66 29
24
11 93
58
24 32
63
84 83
92
4 90
73
77 43
80
96 93
87
99 98
59
38 88
13
73 45
49
31 48
28
75 91
96
24 45
16
84 96
55
77 56
35
61 48
42
93 0
15
54 45
52
73 58
20
31 61
26
88 43
96
49 51
29
40 2
71
58 56
93
61 61
17
0 51
32
19 64
27
51 16
35
35 8
22
53 62
21
47 18
55
5 21
48
65 72
15
21 2
57
62 3
75
26 80
34
39 19
97
42 61
70
83 62
59
74 13
73
32 16
49
35 21
100
95 72
47
92 3
81
37 67
68
9 5
53
69 19
41
14 83
29
27 22
19
90 78
56
62 16
26
81 29
1
23 24
87
83 75
91
96 14
66
41 78
42
25 70
73
99 19
21
44 83
12
16 21
58
57 22
27
2 86
52
76 35
100
34 75
90
37 80
13
69 32
45
14 96
3
55 97
15
8 22
84
27 35
67
20 32
27
6 97
85
64 38
77
99 32
9
44 96
79
85 97
81
57 35
77
18 43
48
59 81
96
78 94
77
50 32
70
8 35
59
94 38
44
52 41
92
84 30
44
29 94
64
45 38
39
3 41
36
38 35
71
82 41
16
59 94
63
33 41
49
52 54
69
10 57
60
45 51
24
86 52
56
3 54
47
77 3
76
79 49
72
98 62
100
82 54
68
40 57
52
72 9
3
56 1
57
75 51
9
65 6
66
10 70
46
51 71
38
7 1
35
70 57
53
89 70
70
63 54
53
21 57
24
95 6
3
40 70
41
39 74
2
14 17
45
13 58
60
46 6
2
51 84
21
16 63
41
48 15
29
70 70
62
9 60
17
83 9
70
28 73
78
60 25
74
44 17
42
62 71
23
34 9
27
37 14
49
78 15
44
23 79
64
14 30
89
32 84
6
71 12
66
35 89
48
29 15
19
48 28
21
92 71
62
6 31
4
9 73
23
69 87
28
41 25
93
25 17
89
85 31
78
30 95
85
2 33
7
62 84
30
20 87
79
59 15
23
36 31
19
55 44
42
99 87
41
38 77
81
73 34
50
50 87
49
91 88
2
8 90
74
66 31
22
11 95
66
85 44
25
1 50
100
59 28
89
45 93
72
36 44
44
38 90
16
73 47
36
31 50
77
75 93
75
33 96
32
24 47
43
84 98
48
42 37
93
61 50
56
52 1
99
19 53
35
93 2
77
10 4
33
51 5
39
54 47
86
12 50
96
31 63
78
89 4
8
47 7
71
46 48
59
5 10
27
81 5
24
26 69
97
58 58
76
42 50
72
61 63
77
0 53
60
70 4
33
28 7
56
14 72
99
47 20
38
21 4
22
20 8
8
39 21
4
0 66
45
74 15
69
41 67
15
44 72
64
32 18
11
35 23
64
76 24
49
34 64
59
56 82
5
97 83
89
9 7
54
69 21
63
14 85
86
27 24
41
30 29
52
90 80
59
48 83
61
39 34
10
4 13
14
23 26
16
83 77
75
41 80
7
60 93
59
25 72
42
99 21
36
44 85
7
13 18
98
16 23
55
57 24
71
2 88
98
76 37
28
18 32
100
92 18
65
78 83
52
36 86
45
11 29
28
30 42
81
48 96
83
4 26
33
45 27
53
22 43
11
96 29
52
66 86
4
57 37
35
18 45
21
94 40
90
11 42
13
52 43
31
84 32
92
87 37
40
45 40
69
3 43
68
22 56
87
66 99
98
38 37
5
79 38
8
40 46
41
17 99
42
91 48
49
75 40
25
33 43
40
52 56
33
93 57
71
10 59
70
68 0
21
67 41
95
26 3
91
70 46
18
3 56
46
47 62
50
79 51
46
63 43
38
21 46
71
56 3
75
93 70
69
32 60
79
65 8
22
7 3
96
70 59
99
89 72
57
9 49
39
28 62
78
47 75
87
95 8
1
37 3
4
56 16
82
14 19
10
13 60
73
16 65
77
90 14
53
7 16
14
83 11
15
28 75
57
41 14
56
60 27
71
30 84
19
62 73
75
34 11
20
20 76
75
78 17
65
97 30
67
14 32
62
96 71
34
55 33
64
99 76
73
16 78
43
92 73
19
6 33
47
50 76
100
25 19
45
30 97
10
2 35
80
43 36
29
84 74
39
87 79
36
20 89
8
4 81
91
64 95
37
38 79
10
57 92
34
91 90
80
11 97
18
52 98
50
85 46
90
77 47
15
79 93
15
82 98
2
54 36
100
31 52
19
75 95
98
33 98
63
65 50
94
68 55
84
58 47
63
19 55
21
93 4
15
51 7
80
54 49
84
95 50
49
12 52
16
86 1
57
89 6
48
47 9
75
46 50
18
5 12
21
49 55
4
40 6
49
81 7
51
26 71
70
74 4
55
32 7
26
51 20
38
35 12
29
67 1
23
34 53
66
72 79
98
37 58
37
5 25
13
49 68
35
90 69
28
62 7
69
7 71
76
81 20
45
26 84
41
20 10
92
39 23
54
23 15
40
83 66
54
0 68
64
41 69
22
96 5
27
60 82
29
44 74
99
32 20
72
16 12
4
2 77
32
35 25
54
34 66
12
53 79
61
37 71
95
56 84
11
97 85
93
9 9
92
50 10
23
69 23
36
27 26
5
71 69
75
90 82
78
29 72
54
62 20
5
48 85
23
64 29
89
96 18
98
25 74
56
85 88
71
38 13
99
57 26
64
18 34
30
59 72
96
97 98
12
36 88
62
8 26
46
30 44
90
84 21
57
48 98
65
87 26
9
45 29
86
64 42
16
3 32
53
25 87
62
66 88
94
17 88
59
91 37
89
75 29
78
94 42
36
33 32
32
45 42
30
86 43
49
89 48
80
79 40
97
63 32
2
75 42
81
52 58
47
93 59
12
51 62
5
70 48
54
89 61
8
47 64
99
19 2
75
79 53
35
63 45
43
40 61
20
53 0
36
56 5
39
14 8
51
74 59
4
51 75
17
49 2
25
7 5
38
83 0
97
47 77
88
0 2
52
44 8
75
21 61
64
62 62
54
81 75
47
20 65
67
39 78
29
97 19
92
14 21
46
13 62
76
71 3
47
16 67
8
76 81
97
48 19
92
6 22
27
41 16
83
25 8
10
30 86
76
39 91
1
4 70
42
78 19
58
23 83
11
97 32
88
55 35
32
13 75
92
99 78
19
16 80
42
76 94
12
29 19
17
15 84
50
6 35
89
92 75
15
66 22
59
85 35
70
30 99
33
43 38
17
4 83
30
78 32
43
36 35
73
57 94
78
15 97
33
91 92
97
94 97
41
66 35
38
11 99
7
1 54
50
45 97
73
77 49
96
61 41
94
31 54
44
75 97
57
88 36
70
65 52
97
68 57
20
67 98
48
58 49
62
42 41
40
61 54
25
80 67
88
0 44
42
51 9
63
95 52
50
72 68
25
89 8
31
56 60
86
88 49
4
65 65
36
68 70
60
7 60
91
81 9
94
26 73
14
83 55
64
0 57
50
74 6
30
19 70
33
32 9
20
35 14
92
95 65
30
72 81
93
37 60
30
56 73
49
69 12
94
14 76
96
27 15
84
30 20
64
90 71
56
7 73
43
81 22
97
48 74
14
23 17
61
41 71
74
44 76
59
16 14
45
76 28
82
34 68
91
92 9
100
37 73
87
78 74
63
97 87
47
55 90
90
8 15
66
11 20
87
90 84
20
87 15
78
6 90
3
23 30
90
22 34
40
76 41
65
15 31
42
18 36
71
78 87
54
91 26
34
8 28
18
52 34
74
29 87
86
87 28
24
73 93
64
45 31
14
64 44
55
22 47
81
66 90
24
38 28
58
98 42
70
82 34
18
15 44
58
59 87
99
18 49
86
75 31
46
94 44
16
33 34
54
10 50
26
12 96
20
89 50
1
47 53
11
79 42
63
75 44
3
42 96
23
33 47
32
74 48
34
93 61
17
10 63
22
67 45
88
89 63
66
60 5
75
63 47
12
40 63
88
53 2
18
72 15
56
56 7
23
14 10
73
74 61
11
93 74
23
32 64
53
49 4
37
90 5
29
7 7
88
26 20
38
70 63
87
9 53
20
83 2
10
41 5
41
60 18
80
44 10
71
62 64
56
81 77
28
34 2
68
37 7
3
23 72
4
97 21
99
14 23
87
55 24
34
13 64
62
99 67
18
32 77
80
90 18
99
76 83
30
29 8
61
48 21
88
50 67
24
41 18
52
8 70
97
27 83
26
85 24
52
62 77
61
4 72
46
23 85
14
36 24
11
55 37
50
96 75
46
99 80
75
38 70
40
57 83
40
6 37
100
92 77
46
91 81
79
85 37
30
43 40
43
84 78
55
4 85
63
80 43
39
98 97
86
15 99
94
54 27
12
31 43
81
94 99
45
66 37
60
24 40
93
43 53
67
1 56
37
45 99
26
58 38
68
61 43
66
80 56
45
19 46
2
79 97
96
73 53
4
72 57
37
88 38
57
65 54
52
68 59
3
26 62
37
19 59
35
93 8
53
35 3
50
12 56
96
53 57
54
72 70
27
28 0
10
47 13
70
14 65
100
46 54
39
65 67
75
49 59
23
68 72
65
20 1
100
39 14
82
83 57
18
0 59
27
74 8
14
41 60
23
60 73
54
44 65
84
32 11
78
76 17
29
95 67
10
37 62
26
56 75
65
97 76
66
9 0
79
50 1
14
69 14
70
71 60
49
62 11
12
20 14
61
6 79
19
4 6
29
83 70
91
41 73
78
60 86
52
25 65
35
13 11
32
44 78
54
99 14
12
16 16
5
15 20
98
34 70
95
78 76
67
11 22
83
71 73
67
87 17
48
6 92
8
45 20
55
96 22
13
25 78
64
66 79
67
85 92
73
38 17
80
57 30
30
43 95
7
1 98
70
59 76
42
17 79
100
91 28
96
11 35
93
52 36
51
84 25
13
73 95
50
45 33
81
64 46
45
3 36
14
22 49
68
66 92
82
38 30
40
24 95
54
40 39
95
17 92
13
75 33
29
94 46
43
52 49
43
93 50
71
10 52
44
54 95
89
67 34
43
12 98
98
86 47
24
89 52
43
47 55
23
79 44
58
63 36
81
21 39
4
72 4
62
33 49
95
74 50
31
65 1
78
32 53
14
68 6
68
26 9
67
67 47
59
86 60
62
89 65
39
9 42
66
28 55
82
47 68
61
60 7
28
5 71
75
21 52
34
53 4
15
72 17
43
56 9
100
13 53
59
32 66
99
51 79
76
16 58
48
90 7
50
35 71
55
92 53
68
83 4
86
69 69
42
41 7
75
5 84
88
81 79
28
34 4
50
37 9
8
78 10
95
23 74
85
13 66
83
99 69
69
16 71
91
29 10
69
48 23
34
50 69
49
69 82
83
27 85
57
25 12
75
44 25
13
85 26
10
84 67
90
43 29
83
87 72
20
59 10
56
4 74
43
97 36
3
36 26
53
96 77
57
55 39
72
76 98
83
29 23
23
15 88
44
73 29
39
18 93
24
50 82
22
8 85
6
94 88
52
24 29
73
1 45
98
45 88
10
17 26
48
36 39
71
98 99
77
54 29
43
31 45
34
75 88
31
66 39
25
24 42
14
65 43
38
1 58
73
58 40
13
77 53
42
19 48
17
79 99
96
63 91
98
54 42
77
95 43
88
46 43
68
49 48
22
68 61
11
7 51
73
81 0
22
39 3
77
61 58
41
0 48
100
19 61
67
60 62
14
32 0
71
51 13
61
35 5
42
34 46
15
53 59
88
72 72
47
56 64
64
69 3
56
88 53
71
49 61
94
7 64
52
81 13
30
23 8
39
0 61
48
41 62
30
13 0
25
99 3
67
32 13
96
34 59
2
53 72
28
92 0
91
37 64
18
97 78
100
50 3
23
69 16
63
14 80
87
55 81
65
11 11
32
71 62
35
62 13
71
64 22
18
41 75
45
25 67
36
44 80
64
85 81
35
57 19
17
2 83
28
15 22
80
78 78
12
36 81
86
8 19
46
27 32
68
11 24
98
71 75
59
29 78
83
87 19
15
64 35
6
25 80
36
38 19
59
24 84
67
57 32
46
43 97
16
98 33
2
59 78
49
94 35
64
73 97
20
86 36
86
89 41
92
22 51
50
79 33
39
63 25
66
82 38
22
40 41
78
58 95
10
75 35
95
33 38
43
47 57
5
5 60
10
79 46
21
46 98
29
82 51
25
72 6
65
14 1
27
93 65
98
32 55
37
51 68
39
35 60
68
68 8
59
67 49
61
28 57
44
60 9
54
5 73
11
44 1
37
81 68
93
53 6
27
39 71
5
56 11
44
97 12
90
14 14
65
13 55
21
32 68
82
51 81
7
90 9
60
35 73
30
7 11
45
48 12
31
6 15
88
69 71
75
41 9
2
44 14
20
2 17
1
34 6
73
20 71
27
39 84
9
37 11
15
78 12
19
23 76
32
97 25
92
36 15
22
55 28
67
96 66
58
71 9
65
76 87
49
29 12
92
48 25
46
92 68
31
50 71
6
69 84
54
27 87
31
84 69
100
59 12
20
78 25
27
23 89
43
17 15
51
36 28
56
55 41
17
96 79
31
15 90
11
73 31
2
66 28
75
11 92
69
52 93
39
24 31
82
84 82
31
1 47
81
87 87
6
17 28
94
58 29
8
61 34
49
38 87
94
79 88
63
82 93
44
88 29
70
65 45
78
26 53
59
42 34
71
80 60
2
19 50
53
63 93
86
51 2
44
53 48
27
72 61
79
89 1
28
56 53
95
46 45
71
65 58
27
26 66
88
39 5
95
42 47
91
0 50
23
19 63
94
32 2
57
37 53
12
56 66
77
28 4
74
46 58
28
62 2
56
7 66
20
48 67
89
81 15
28
20 5
63
23 10
51
96 0
46
13 2
21
44 69
19
16 7
59
57 8
43
76 21
6
34 61
1
92 2
5
50 5
16
69 18
23
11 13
91
84 3
49
29 67
72
87 8
90
6 83
60
23 23
34
64 24
38
96 13
16
25 69
23
38 8
59
43 86
74
15 24
53
18 29
79
78 80
54
97 93
61
17 70
39
91 19
89
55 96
52
94 24
4
29 80
46
87 21
23
6 96
73
45 24
21
64 37
40
3 27
28
22 40
41
66 83
15
38 21
18
79 22
48
24 86
69
98 35
49
82 27
66
59 80
68
17 83
86
91 32
40
36 96
31
75 24
3
94 37
74
33 27
81
52 40
78
10 43
89
54 86
83
45 37
25
3 40
78
24 99
63
63 27
26
82 40
39
40 43
82
42 89
45
75 37
67
93 54
76
10 56
97
51 57
33
67 38
71
70 43
94
89 56
5
28 46
54
63 40
79
14 3
79
35 62
42
28 59
48
60 11
93
5 75
64
53 8
27
14 16
22
32 70
94
16 62
100
35 75
80
29 1
84
48 14
16
6 17
36
92 57
48
50 60
80
83 8
76
69 73
87
27 76
9
25 3
28
30 81
90
2 19
99
62 70
15
20 73
54
39 86
96
23 78
12
97 27
3
55 30
61
96 68
53
16 75
65
29 14
1
15 79
7
48 27
14
92 70
10
18 84
33
6 30
93
69 86
80
8 76
79
27 89
98
11 81
12
85 30
77
30 94
80
24 20
34
43 33
96
84 71
66
1 36
76
59 14
15
4 78
88
78 27
94
17 17
85
77 31
100
31 36
93
91 87
35
75 79
78
94 92
66
11 94
74
24 33
6
84 84
89
10 98
96
87 89
47
1 49
27
58 31
50
77 44
92
61 36
90
19 39
16
79 90
26
82 95
87
40 98
89
73 46
60
31 49
93
72 50
93
88 31
93
33 95
71
46 34
78
65 47
10
49 39
1
67 93
34
70 98
76
42 36
30
19 52
21
63 95
84
95 47
28
12 49
4
72 63
52
88 44
9
46 47
78
49 52
33
68 65
8
81 4
4
26 68
42
39 7
39
83 50
30
44 58
99
32 4
45
35 9
56
95 60
36
56 68
22
69 7
43
62 4
90
7 68
60
39 20
51
41 66
47
13 4
28
99 7
38
44 71
21
57 10
3
34 63
49
37 68
21
78 69
23
97 82
79
50 7
3
71 66
42
84 5
62
29 69
81
48 82
15
87 10
61
6 85
15
25 71
27
66 72
9
38 10
62
57 23
10
98 24
12
43 88
45
15 26
39
59 69
49
18 31
85
91 21
25
55 98
31
8 23
48
94 26
8
87 23
36
73 88
76
45 26
55
31 91
8
85 98
79
38 23
46
24 88
35
98 37
76
82 29
32
18 44
77
58 86
75
77 99
99
61 91
72
54 88
37
67 27
24
86 40
16
89 45
43
88 86
68
47 48
90
79 37
20
63 29
60
82 42
78
21 32
15
40 45
57
0 94
9
93 56
85
26 2
24
89 58
52
28 48
96
47 61
48
5 64
50
21 45
20
14 5
37
32 59
26
48 3
31
92 46
70
9 48
35
28 61
31
5 77
9
62 59
35
37 2
74
78 3
8
97 16
12
55 19
71
13 59
48
99 62
99
16 64
66
90 13
7
35 77
84
69 75
2
8 65
21
41 13
23
27 78
99
25 5
33
44 18
90
85 19
94
59 3
21
23 80
14
97 29
44
17 6
38
36 19
48
96 70
60
99 75
92
71 13
52
57 78
46
76 91
93
18 86
1
50 75
24
91 76
76
27 91
58
66 19
75
30 96
53
43 35
25
59 16
11
4 80
28
64 94
88
17 19
63
3 84
66
36 32
12
57 91
44
98 92
35
15 94
4
18 99
98
75 81
2
66 32
44
24 35
44
3 97
67
61 38
75
19 41
64
79 92
74
63 84
76
82 97
81
54 35
55
12 38
34
72 52
63
75 94
84
65 49
70
49 41
86
68 54
70
26 57
34
58 46
95
61 51
8
19 54
34
93 3
47
34 39
33
37 44
65
56 57
99
88 46
49
5 11
45
46 49
18
49 54
63
90 55
67
23 1
4
83 52
80
0 54
58
41 55
89
32 6
25
76 12
28
34 52
50
97 71
72
14 73
74
55 74
54
30 17
8
23 14
7
41 68
62
25 60
45
99 9
54
15 15
32
97 84
41
50 9
30
55 87
54
27 25
66
71 68
68
29 71
51
6 87
59
45 15
95
24 77
68
98 26
31
15 28
37
18 33
92
78 84
22
17 74
1
77 88
15
75 15
100
11 30
32
84 20
53
87 25
71
73 90
56
45 28
13
64 41
30
3 31
34
22 44
82
66 87
54
24 90
8
40 34
72
17 87
78
58 88
81
75 28
60
33 31
58
93 45
59
54 90
83
12 93
44
86 42
35
88 88
72
46 91
80
5 53
66
21 34
95
40 47
18
42 93
17
0 96
36
68 1
86
9 37
100
28 50
4
47 63
41
5 66
40
21 47
5
39 64
34
56 4
7
14 7
57
74 58
96
13 48
93
35 66
28
6 8
61
92 48
10
9 50
55
28 63
87
69 64
17
41 2
75
44 7
58
30 72
18
2 10
53
4 56
20
97 18
26
96 59
50
55 21
51
99 64
95
71 2
13
16 66
45
57 67
90
48 18
54
50 64
58
8 67
76
27 80
25
25 7
63
66 8
69
11 72
27
30 85
9
84 62
83
20 77
81
59 5
44
78 18
83
36 21
59
55 34
22
22 86
4
99 77
67
38 67
10
73 24
61
50 77
46
8 80
34
94 83
45
11 85
11
52 86
46
24 24
82
1 40
37
45 83
98
64 96
85
17 21
82
22 99
8
38 80
61
79 81
62
82 86
83
54 24
74
73 37
45
12 27
89
31 40
90
94 96
26
52 99
73
24 37
62
68 43
7
86 97
51
58 35
69
42 27
84
61 40
48
19 43
82
21 89
52
95 38
42
12 40
55
56 46
53
46 38
46
7 46
72
26 59
12
42 40
15
60 57
95
51 8
45
14 62
67
5 13
90
49 56
18
90 57
16
81 8
71
39 11
38
23 3
87
83 54
48
25 49
13
44 62
17
16 0
22
35 13
43
76 14
74
34 54
8
37 59
9
78 60
59
69 11
5
14 75
87
11 6
86
90 70
3
48 73
72
20 11
27
4 3
78
23 16
33
64 17
51
41 70
55
25 62
51
99 11
75
44 75
80
85 76
67
38 1
74
57 14
41
2 78
56
76 27
21
15 17
98
59 60
17
78 73
32
97 86
28
17 63
3
36 76
30
27 27
70
30 32
33
71 70
28
84 9
44
87 14
76
73 79
74
4 16
32
66 76
34
85 89
39
24 79
39
98 28
74
1 95
27
17 76
19
91 25
89
94 30
81
10 36
67
45 30
61
89 36
62
22 46
27
24 92
88
98 41
60
58 90
14
42 82
13
19 98
33
51 50
20
54 92
28
12 95
32
86 44
50
89 49
82
28 39
52
47 52
24
88 90
21
5 55
58
82 46
60
21 36
75
0 98
2
93 60
66
70 49
52
28 52
27
47 65
39
62 50
8
53 1
90
23 58
100
14 9
35
55 10
57
16 55
91
48 7
46
92 50
28
50 53
13
41 4
98
44 9
75
85 10
90
30 74
23
62 63
10
4 58
19
36 10
46
96 61
43
13 63
21
99 66
39
57 69
93
15 72
28
48 20
67
50 66
7
27 82
9
25 9
33
30 87
86
84 64
79
59 7
7
4 71
29
45 72
48
78 20
31
64 85
34
77 24
88
96 74
88
22 88
3
57 82
7
98 83
58
15 85
34
54 13
74
73 26
93
8 82
57
11 87
3
52 88
47
10 91
22
84 77
21
87 82
18
45 85
32
64 98
67
17 23
32
58 24
64
77 37
32
19 32
61
98 96
100
82 88
7
40 91
8
12 29
13
31 42
78
72 43
53
75 85
47
94 98
99
33 88
5
65 40
81
49 32
53
26 48
83
58 37
10
42 29
83
19 45
25
63 88
81
95 40
15
53 43
32
56 48
4
88 37
34
49 45
79
7 48
25
26 61
58
9 94
54
41 46
90
60 59
54
51 10
71
35 2
36
95 53
10
53 56
86
37 48
96
56 61
31
69 0
12
27 3
47
7 61
15
81 10
6
20 0
33
23 5
41
83 56
54
60 72
19
44 64
67
57 3
94
14 77
97
55 78
30
8 3
49
11 8
13
90 72
69
29 62
29
48 75
77
23 18
95
64 19
13
96 8
93
99 13
97
66 65
46
38 3
72
57 16
76
2 80
45
43 81
41
94 19
91
11 21
31
84 11
73
6 91
99
3 22
31
85 91
10
38 16
49
1 97
90
59 75
63
91 27
69
75 19
8
94 32
40
80 97
94
54 81
15
12 84
63
86 33
93
31 97
50
3 35
28
89 38
58
47 41
48
79 30
62
65 95
69
63 22
50
82 35
66
58 92
99
61 97
23
74 36
44
51 52
64
54 94
49
95 95
59
12 97
2
86 46
100
28 41
45
46 95
42
5 57
17
63 35
2
40 51
38
81 52
8
39 55
26
42 97
79
74 49
28
93 62
34
51 65
26
16 44
60
35 57
91
67 46
46
60 6
1
62 52
34
81 65
42
39 68
76
14 11
26
96 50
85
13 52
68
99 55
47
90 6
55
35 70
60
48 9
53
6 12
12
9 54
29
50 55
26
8 58
88
11 63
58
30 76
47
43 15
27
20 68
31
78 9
93
23 73
69
97 22
78
36 12
23
96 63
87
55 25
58
38 58
11
57 71
13
15 74
83
18 79
8
92 65
62
50 68
35
8 71
98
94 74
20
85 25
87
43 28
54
87 71
2
59 9
65
45 74
58
17 12
87
38 71
95
57 84
91
98 85
51
15 87
31
54 15
16
18 92
26
12 18
94
31 31
31
75 74
68
66 25
5
33 77
64
65 29
66
87 84
12
1 44
35
58 26
50
3 90
39
77 39
57
89 93
20
79 85
77
98 98
71
63 77
51
54 28
9
12 31
24
75 87
1
88 26
54
46 29
53
65 42
42
49 34
100
68 47
29
26 50
10
58 39
69
42 31
30
28 96
34
79 98
63
21 93
52
34 32
64
53 45
10
37 37
29
47 1
53
90 48
69
26 63
78
39 2
75
0 47
65
44 53
48
76 5
94
34 45
95
37 50
21
56 63
59
97 64
11
14 66
70
90 61
24
48 64
75
20 2
79
39 15
34
83 58
25
25 53
14
44 66
37
76 18
38
15 8
13
97 77
4
36 67
7
55 80
73
11 10
97
84 0
57
29 64
5
87 5
25
45 8
21
64 21
97
22 24
27
25 66
28
66 67
38
85 80
37
57 18
78
2 82
47
15 21
92
1 86
71
59 64
11
78 77
59
17 67
40
55 93
80
8 18
2
94 21
24
52 24
81
84 13
33
31 86
23
22 37
28
38 18
85
98 32
52
82 24
35
77 94
84
94 34
82
61 86
89
33 24
99
52 37
100
54 83
64
67 22
82
12 86
65
31 99
69
3 37
42
88 81
41
5 46
79
65 97
90
63 24
16
33 37
97
74 38
50
93 51
65
35 46
46
95 97
57
86 48
19
70 40
29
9 30
77
28 43
51
63 37
12
62 41
29
39 57
100
14 0
78
74 51
56
13 41
99
32 54
56
92 41
84
9 43
80
69 57
70
44 0
11
2 3
57
62 54
41
39 70
90
23 62
15
97 11
27
13 54
47
48 11
9
6 14
94
8 60
44
25 0
43
66 1
55
30 78
95
2 16
29
23 75
2
17 1
4
96 65
68
38 60
52
57 73
32
76 86
57
91 71
86
8 73
8
94 76
67
66 14
11
11 78
38
52 79
68
24 17
14
84 68
84
87 73
37
17 14
23
77 28
70
22 92
39
80 33
57
73 30
50
18 94
13
31 33
3
94 89
58
88 15
56
52 92
37
65 31
48
68 36
33
1 46
66
86 90
69
3 92
45
77 41
59
61 33
55
47 98
23
19 36
62
63 79
89
82 92
24
40 95
21
75 89
90
88 28
87
49 36
89
68 49
52
70 95
69
60 50
12
51 1
76
34 34
53
53 47
99
72 60
83
37 39
96
56 52
33
14 55
78
13 96
68
46 44
78
49 49
4
90 50
36
9 98
40
60 63
5
35 6
76
56 65
58
69 4
41
55 69
51
27 7
33
30 12
64
71 50
80
48 66
24
6 69
1
25 55
37
76 20
80
91 5
79
36 69
39
55 82
97
8 7
5
11 12
3
30 25
53
29 66
35
6 82
3
4 9
84
45 10
87
64 23
23
22 26
73
85 82
27
24 72
85
18 28
37
77 83
51
94 23
52
80 88
90
33 13
83
10 29
12
87 20
99
45 23
30
31 88
45
89 29
9
66 82
67
79 21
66
24 85
65
63 13
85
82 26
32
17 82
91
58 83
90
77 96
44
75 23
5
33 26
36
52 39
43
10 42
96
51 43
73
54 85
97
67 24
45
12 88
66
86 37
68
89 42
95
88 83
49
46 86
38
79 34
53
63 26
47
49 91
52
82 39
74
21 29
39
40 42
3
58 96
16
93 53
92
32 43
72
51 56
33
95 99
8
70 42
66
9 32
10
28 45
98
88 96
1
5 61
92
81 56
96
20 46
5
39 59
91
97 0
14
14 2
4
32 56
57
35 61
86
48 0
49
6 3
57
92 43
92
9 45
34
27 62
97
44 2
17
85 3
86
62 56
80
39 72
6
4 51
67
78 0
84
36 3
63
96 54
27
13 56
52
99 59
41
76 75
50
29 0
53
15 65
67
6 16
34
18 70
19
92 56
99
50 59
17
66 3
15
11 67
89
30 80
69
43 19
56
1 22
78
78 13
1
36 16
5
96 67
80
38 62
19
98 76
26
18 83
5
91 73
12
11 80
63
52 81
86
43 32
28
45 78
25
58 17
87
3 81
89
22 94
6
38 75
38
98 89
64
73 32
59
31 35
18
91 86
31
94 91
49
88 17
42
33 81
65
52 94
86
65 33
92
68 38
58
26 41
17
67 79
1
58 30
1
70 84
55
89 97
66
42 22
65
61 35
54
80 48
12
82 94
95
21 84
13
95 33
12
12 35
15
53 36
72
72 49
9
56 41
4
88 30
82
33 94
70
74 95
85
46 33
59
49 38
57
68 51
89
26 54
88
83 36
2
0 38
5
63 94
17
51 3
34
21 97
71
62 98
97
53 49
54
37 41
15
56 54
65
14 57
73
30 1
69
7 54
97
81 3
82
48 55
6
92 98
24
83 49
28
25 44
87
44 57
35
2 60
24
34 49
64
78 55
9
97 68
53
69 6
78
55 71
23
11 1
31
30 14
66
71 52
4
90 65
82
20 6
2
64 12
23
96 1
20
22 15
10
44 70
67
57 9
2
43 74
70
59 55
15
17 58
58
50 6
57
91 7
17
36 71
96
55 84
36
94 12
4
11 14
1
29 68
96
87 9
25
73 74
1
64 25
94
3 15
17
66 71
11
85 84
69
38 9
14
79 10
67
15 25
16
77 85
95
75 12
99
94 25
63
52 28
72
10 31
44
73 87
2
12 77
13
31 90
49
3 28
13
89 31
50
66 84
45
24 87
8
65 88
24
98 36
5
82 28
26
40 31
33
61 90
92
74 29
49
19 93
19
10 44
13
51 45
70
67 26
42
12 90
2
70 31
22
28 34
11
88 85
75
46 88
78
5 50
34
63 28
37
40 44
27
81 45
4
7 96
47
39 48
33
74 42
65
93 55
34
35 50
21
70 44
39
37 96
17
9 34
27
88 98
25
62 45
12
81 58
92
23 53
60
97 2
14
14 4
53
96 43
49
16 50
73
48 2
39
92 45
94
9 47
45
11 56
29
85 5
74
2 7
74
62 58
7
78 2
10
36 5
35
55 18
80
96 56
54
57 64
45
15 67
6
6 18
38
50 61
73
91 62
75
8 64
43
94 67
1
11 69
73
30 82
43
43 21
61
87 64
91
4 66
30
45 67
76
64 80
77
36 18
28
57 77
59
98 78
23
91 75
27
75 67
46
94 80
37
33 70
40
24 21
67
43 34
77
10 86
90
87 77
26
45 80
21
79 78
10
98 91
50
82 83
58
54 21
67
40 86
79
12 24
85
93 97
78
46 22
34
10 99
74
67 81
95
86 94
25
70 86
68
89 99
22
42 24
25
61 37
88
0 27
86
21 86
88
40 99
98
12 37
37
56 43
18
74 97
37
65 48
55
68 53
91
7 43
66
26 56
19
9 89
16
41 41
4
60 54
14
44 46
55
21 99
77
34 38
62
53 51
38
71 41
60
30 3
98
7 56
79
48 57
4
39 8
3
83 51
98
60 67
60
25 46
27
2 62
44
76 11
24
15 1
65
18 6
68
97 70
32
69 8
84
90 67
24
45 1
6
96 3
95
25 59
41
99 8
66
66 60
37
98 12
89
17 60
86
91 9
72
36 73
82
55 86
21
8 11
63
94 14
41
11 16
83
52 17
9
10 20
45
29 70
42
87 11
17
73 76
30
45 14
5
64 27
7
85 86
85
43 89
13
82 17
91
58 74
48
77 87
59
75 14
54
94 27
100
52 30
56
10 33
31
54 76
10
31 92
85
24 89
14
63 17
12
68 95
68
26 98
6
42 79
49
61 92
67
33 30
4
19 95
17
93 44
27
32 34
93
35 39
11
54 89
99
95 90
17
67 28
30
53 93
9
70 33
30
9 23
61
28 36
23
88 87
59
5 52
68
63 30
65
7 98
72
39 50
15
42 92
15
83 93
13
74 44
29
32 47
78
51 60
79
34 93
34
92 34
81
9 36
29
28 49
60
39 63
23
4 42
15
23 55
82
97 4
55
90 1
8
76 66
58
48 4
82
6 7
55
50 50
51
8 53
11
30 71
91
2 9
91
84 48
58
87 53
88
20 63
10
4 55
64
78 4
91
64 69
95
36 7
1
96 58
54
99 63
47
76 79
52
29 4
84
15 69
38
73 10
79
50 63
77
91 64
86
11 71
96
84 61
39
87 66
92
1 26
89
3 72
2
22 85
18
80 26
49
79 67
3
98 80
73
82 72
65
15 82
60
54 10
64
18 87
61
75 69
52
65 24
44
68 29
90
45 82
95
77 34
96
22 98
69
42 13
8
61 26
36
80 39
45
19 29
36
63 72
30
82 85
26
54 23
22
95 24
33
40 88
31
31 39
2
49 29
31
86 96
83
58 34
20
42 26
54
28 91
5
0 29
68
60 43
24
21 88
84
95 37
19
53 40
10
72 53
9
37 32
35
56 45
69
14 48
24
46 37
72
90 43
1
26 58
92
83 40
74
0 42
19
60 56
43
2 51
28
76 0
70
34 40
26
56 58
27
97 59
16
14 61
49
27 0
72
71 43
66
48 59
39
23 2
17
64 3
84
41 56
65
44 61
90
85 62
82
78 59
1
36 62
21
55 75
21
8 0
28
27 13
10
30 18
77
48 72
7
4 2
23
3 6
30
22 19
67
25 61
36
57 13
40
24 65
24
43 78
53
15 16
2
18 21
63
78 72
18
77 76
74
75 3
86
52 19
74
87 13
98
73 78
94
31 81
30
22 32
17
66 75
1
63 6
34
40 22
48
17 75
96
58 76
50
75 16
68
80 94
33
52 32
84
19 84
96
73 91
19
31 94
100
72 95
35
89 35
1
28 25
11
88 76
78
5 41
7
79 27
84
63 19
19
82 32
50
49 84
36
68 97
46
21 22
24
40 35
89
81 36
56
61 94
84
74 33
59
19 97
98
93 46
79
51 49
17
35 41
67
95 92
91
53 95
38
9 25
49
5 54
50
46 92
55
62 36
41
20 39
48
42 94
57
83 95
52
0 97
83
16 41
19
92 36
99
9 38
14
50 39
36
69 52
67
60 3
16
27 55
79
20 52
58
39 65
63
23 57
1
96 47
68
13 49
34
57 55
89
76 68
63
48 6
3
92 49
57
6 9
35
50 52
1
8 55
59
11 60
50
30 73
1
1 15
98
87 55
14
64 71
45
36 9
30
96 60
55
22 74
80
38 55
41
57 68
61
98 69
57
29 6
24
73 12
29
18 76
17
91 66
90
94 71
93
66 9
95
11 73
19
84 63
85
87 68
51
58 10
32
3 74
91
22 87
76
61 15
38
82 74
53
54 12
87
18 89
45
12 15
14
91 79
65
52 87
43
24 25
10
65 26
2
68 31
20
67 72
77
42 15
75
61 28
6
0 18
70
63 74
89
82 87
4
21 77
15
40 90
59
53 29
49
88 23
91
33 87
75
74 88
15
65 39
80
68 44
92
7 34
31
67 85
38
70 90
58
83 29
23
0 31
11
19 44
20
63 87
40
56 47
1
14 50
71
46 39
94
13 91
41
90 45
82
7 47
61
48 48
10
92 91
61
9 93
19
41 45
30
60 58
72
25 37
40
76 2
44
37 47
90
78 48
55
30 7
24
29 48
25
6 64
43
64 5
60
25 50
65
85 64
18
57 2
47
43 67
32
76 15
78
59 48
58
18 10
44
78 61
53
97 74
24
17 51
56
36 64
84
8 2
61
11 7
72
71 58
45
29 61
82
87 2
74
73 67
43
64 18
53
3 8
37
85 77
15
38 2
45
79 3
91
24 67
64
98 16
36
82 8
63
15 18
14
1 83
32
18 23
100
17 64
48
94 18
83
80 83
60
33 8
14
52 21
15
54 67
19
86 19
24
3 21
100
98 29
60
65 81
82
77 91
39
75 18
48
33 21
68
74 22
50
19 86
92
93 35
66
10 37
31
51 38
9
95 81
54
67 19
35
12 83
97
86 32
22
31 96
55
28 27
40
5 43
64
68 99
8
21 24
40
19 99
77
13 25
42
32 38
88
35 43
50
37 89
14
9 27
78
28 40
12
88 91
37
46 94
19
62 38
53
20 41
53
39 54
47
23 46
60
83 97
36
0 99
84
13 38
22
99 41
25
32 51
51
16 43
38
35 56
18
76 57
57
34 97
23
50 41
8
30 62
29
62 51
66
39 67
19
55 11
75
96 49
26
57 57
16
76 70
89
48 8
17
92 51
43
18 65
77
91 55
25
1 17
82
87 57
62
64 73
68
36 11
52
77 12
16
38 57
34
98 71
34
15 73
23
54 1
40
18 78
68
91 68
77
75 60
9
94 73
96
11 75
68
52 76
16
10 79
28
43 27
69
64 86
81
17 11
25
3 76
80
77 25
93
19 20
34
79 71
71
40 79
30
73 27
60
12 17
92
31 30
63
33 76
72
93 90
82
65 28
21
49 20
96
68 33
58
70 79
85
3 89
25
89 92
33
42 17
39
47 95
23
0 20
37
5 98
62
79 84
85
63 76
76
12 30
80
53 31
19
56 36
96
67 87
76
42 30
59
28 95
86
0 33
15
41 34
68
60 47
40
95 41
47
62 93
57
53 44
35
37 36
65
97 50
5
14 52
5
13 93
38
16 98
45
92 93
69
39 1
14
41 47
74
60 60
81
25 39
72
44 52
30
76 4
96
37 49
81
69 1
26
27 4
45
30 9
28
48 63
74
66 53
87
99 1
35
85 66
93
98 5
94
43 69
69
1 72
47
59 50
39
18 12
51
91 2
74
36 66
30
55 79
86
8 4
10
29 63
45
87 4
36
73 69
100
31 72
35
22 23
27
85 79
76
79 5
16
24 69
88
98 18
17
59 63
93
17 66
43
58 67
70
77 80
3
94 20
40
61 72
51
80 85
96
52 23
41
10 26
14
86 21
28
31 85
27
70 13
88
3 23
96
89 26
58
47 29
50
88 67
98
82 23
8
68 88
82
21 13
46
40 26
51
58 80
23
77 93
97
80 98
85
74 24
66
19 88
84
93 37
63
67 21
69
12 85
47
86 34
55
72 99
27
70 26
20
28 29
44
88 80
12
46 83
68
5 45
58
65 96
64
21 26
79
81 40
16
83 86
40
74 37
50
16 32
85
92 27
44
5 58
24
62 40
54
20 43
82
39 56
97
55 0
64
25 94
43
13 40
62
35 58
83
34 99
78
8 46
65
27 59
35
85 0
24
2 2
43
84 41
6
20 56
35
23 61
96
96 51
88
76 72
45
15 62
64
73 3
91
6 13
91
50 56
46
94 62
16
30 77
47
87 59
92
45 62
28
17 0
67
36 13
61
77 14
55
3 65
46
22 78
38
38 59
34
98 73
12
15 75
29
73 16
72
18 80
75
12 6
63
31 19
60
91 70
59
33 65
19
52 78
31
24 16
34
65 17
61
68 22
60
1 32
19
45 75
49
86 76
15
22 91
47
42 6
27
98 86
86
95 17
14
12 19
8
75 75
9
93 92
99
46 17
43
51 95
88
49 22
29
68 35
88
7 25
98
67 76
22
26 38
12
86 89
18
58 27
22
70 81
71
61 32
96
47 97
24
19 35
37
60 36
5
82 91
6
40 94
61
34 20
13
53 33
76
72 46
45
37 25
95
56 38
85
88 27
36
14 41
18
46 30
58
32 95
78
26 51
18
28 97
39
0 35
82
44 41
39
2 44
8
21 94
10
62 95
42
20 98
2
37 38
38
56 51
54
97 52
64
14 54
27
13 95
11
50 98
60
83 46
13
76 6
19
55 68
82
71 49
70
30 11
20
22 12
17
66 55
42
57 6
22
98 7
73
59 52
75
17 55
69
91 4
8
77 69
52
94 9
14
10 15
52
54 58
82
73 71
63
45 9
9
86 10
67
22 25
85
66 68
22
79 7
91
24 71
18
98 20
33
43 84
10
58 69
83
75 9
11
80 87
86
33 12
25
54 71
72
67 10
55
12 74
60
31 87
29
72 88
94
3 25
16
47 31
12
46 72
77
5 34
73
63 12
79
49 77
68
21 15
20
40 28
88
61 87
11
74 26
30
32 29
48
35 34
96
95 85
17
67 23
23
70 28
37
9 18
78
88 82
46
46 85
31
5 47
93
65 98
58
49 90
5
21 28
92
62 29
10
7 93
39
81 42
44
42 87
52
83 88
41
13 29
50
32 42
39
51 55
77
16 34
48
34 88
18
9 31
9
28 44
90
71 91
70
23 50
27
96 40
100
25 96
13
16 47
81
76 61
35
92 42
75
50 45
99
8 48
14
85 2
1
87 48
43
20 58
23
64 64
13
55 15
54
99 58
11
38 48
49
15 64
40
18 69
12
31 8
1
91 59
23
1 21
17
45 64
49
64 77
33
58 3
31
77 16
99
22 80
93
38 61
70
79 62
5
82 67
63
73 18
33
18 82
65
12 8
11
31 21
100
88 3
72
52 80
62
65 19
53
26 27
23
86 78
20
58 16
96
42 8
89
61 21
13
47 86
15
80 34
65
19 24
47
98 88
65
82 80
49
21 70
74
54 18
33
40 83
63
95 19
1
12 21
98
72 35
88
75 77
47
88 16
97
33 80
31
74 81
64
46 19
72
65 32
91
10 96
75
7 27
64
86 91
14
89 96
95
42 21
63
63 80
35
21 83
54
95 32
6
53 35
20
72 48
24
37 27
5
56 40
80
74 94
56
13 84
28
32 97
51
49 37
41
70 96
9
9 86
63
41 38
21
25 30
6
2 46
7
62 97
13
34 35
34
14 56
14
55 57
96
96 95
100
13 97
89
30 0
49
90 51
66
48 54
89
92 97
12
6 57
83
9 99
79
25 43
53
85 57
67
2 59
23
18 3
83
59 41
9
11 0
100
71 51
21
30 13
91
29 54
72
73 60
80
6 70
89
64 11
64
22 14
92
66 57
74
85 70
48
98 9
41
17 57
36
36 70
94
77 71
84
33 1
60
54 60
47
45 11
47
86 12
18
31 76
7
89 17
77
66 70
57
1 89
5
40 17
21
58 71
16
77 84
29
42 63
28
61 76
11
80 89
48
19 79
50
93 28
47
10 30
89
54 73
18
67 12
7
12 76
66
70 17
10
47 33
44
88 71
69
49 79
47
68 92
2
40 30
57
81 31
30
58 84
46
74 28
79
51 44
85
35 36
57
95 87
30
67 25
28
53 90
53
70 30
63
56 95
75
9 20
48
14 98
89
88 84
22
46 87
70
49 92
10
21 30
2
62 31
45
7 95
3
81 44
91
41 93
42
16 36
87
35 49
4
76 50
98
92 31
40
9 33
52
69 47
83
27 50
8
71 93
11
62 44
20
20 47
40
39 60
86
4 39
6
23 52
99
25 98
27
16 49
88
57 50
24
76 63
52
15 53
84
18 58
21
6 4
67
59 96
58
69 60
29
8 50
99
27 63
59
11 55
95
85 4
30
84 45
43
4 52
82
36 4
47
22 69
47
80 10
25
99 60
27
38 50
54
57 63
6
98 64
67
15 66
56
73 7
10
18 71
90
31 10
24
8 63
55
87 63
68
17 4
83
58 5
47
80 23
57
79 64
59
98 77
93
54 7
30
12 10
55
31 23
38
72 24
86
75 66
15
94 79
81
33 69
86
93 83
40
65 21
45
49 13
99
26 29
53
58 18
59
89 85
3
42 10
9
19 26
62
63 69
13
82 82
64
21 72
66
40 85
57
72 37
5
88 18
59
46 21
75
68 39
98
35 91
11
7 29
18
67 80
49
70 85
18
89 98
55
9 75
38
28 88
76
95 34
57
37 29
80
14 45
31
32 99
51
71 27
77
48 43
89
92 86
94
9 88
70
41 40
39
44 45
64
37 42
28
78 43
35
4 94
15
97 56
58
96 97
82
55 59
44
90 53
5
29 43
4
64 0
42
25 45
40
85 59
40
2 61
49
43 62
2
59 43
19
18 5
23
94 0
82
11 2
25
52 3
82
29 56
54
3 3
6
22 16
51
85 72
41
18 18
43
59 56
3
91 8
25
75 0
89
80 78
67
33 3
12
52 16
51
12 65
37
89 19
16
47 22
27
63 3
23
77 86
32
42 65
3
80 91
30
33 16
78
10 32
56
72 92
89
88 73
47
65 89
32
68 94
39
21 19
6
7 84
90
81 33
26
26 97
64
39 36
59
42 78
30
83 79
13
60 95
8
16 25
35
35 38
16
34 79
22
70 32
32
37 84
67
28 35
58
5 51
84
90 95
91
62 33
42
7 97
92
20 36
15
41 95
48
13 33
80
35 51
91
34 92
63
92 33
31
37 97
13
27 52
61
30 57
12
29 98
99
62 46
86
97 3
57
96 44
26
55 6
100
99 49
22
38 39
78
57 52
91
15 55
23
59 98
25
50 49
96
91 50
8
11 57
71
84 47
47
87 52
52
3 58
25
77 7
70
80 12
64
57 65
39
15 68
23
73 9
40
31 12
20
91 63
32
94 68
70
33 58
96
24 9
85
84 60
90
68 15
74
87 65
85
86 69
14
58 7
22
3 71
51
77 20
4
61 12
19
80 25
50
98 79
95
63 58
8
82 71
9
54 9
6
31 25
29
75 68
49
88 7
75
33 71
47
52 84
71
51 88
34
49 15
95
68 28
61
67 69
87
86 82
86
70 74
66
61 25
16
0 15
5
19 28
72
21 74
59
81 88
40
34 13
58
53 26
53
37 18
69
56 31
52
14 34
61
74 85
45
93 98
7
32 88
60
49 28
82
90 29
82
7 31
60
26 44
55
83 26
59
41 29
4
60 42
78
21 87
90
62 88
84
34 26
44
53 39
67
56 44
17
97 45
26
14 47
88
100
50
2
30
3
16
7
14
9
61
11
23
14
38
16
5
20
49
22
42
24
66
25
63
26
60
27
23
28
69
30
43
31
42
33
36
34
24
35
74
36
40
37
52
38
41
41
23
42
76
43
61
47
100
50
48
55
26
57
62
58
29
59
41
60
85
62
19
64
44
67
90
68
72
70
5
71
38
72
25
73
85
74
64
76
23
79
59
86
9
88
50
89
13
94
70
95
12
96
100
99
27
