100 100
7500
13 88
85
71 29
20
16 93
72
90 42
36
29 32
68
6 48
8
9 90
55
50 91
2
83 39
50
41 42
73
25 34
13
85 48
36
59 32
3
78 45
8
97 58
84
36 48
74
96 99
10
55 61
69
30 4
43
71 42
100
29 45
18
48 58
91
64 2
1
22 5
68
66 48
70
98 0
67
43 64
47
1 67
48
18 7
51
59 45
51
36 61
97
94 2
21
11 4
79
52 5
2
10 8
34
54 51
68
73 64
30
45 2
51
31 67
94
64 15
64
3 5
2
22 18
5
66 61
48
79 0
24
24 64
23
98 13
19
82 5
74
1 80
33
17 61
40
58 62
72
61 67
12
94 15
66
80 80
74
93 19
19
54 64
20
73 77
27
67 3
64
12 67
32
31 80
97
70 8
61
3 18
100
88 62
19
47 24
56
79 13
82
5 27
71
65 78
85
63 5
8
82 18
43
68 83
16
21 8
8
40 21
86
26 86
41
58 75
95
42 67
94
61 80
34
33 18
60
74 19
61
0 70
93
32 22
17
35 27
35
12 80
98
86 29
72
53 81
9
72 94
44
70 21
14
56 86
14
9 11
80
28 24
10
47 37
67
46 78
72
65 91
31
63 18
25
49 83
12
68 96
81
21 21
34
62 22
94
7 86
54
81 35
74
26 99
85
39 38
44
42 80
1
83 81
2
0 83
17
74 32
65
19 96
36
13 22
17
16 27
13
35 40
30
95 91
34
53 94
39
56 99
74
9 24
72
28 37
27
30 46
74
90 97
23
62 35
24
7 99
60
20 38
30
23 43
94
83 94
92
41 97
5
13 35
23
25 89
46
16 40
66
92 35
94
50 38
47
69 51
10
27 54
29
11 46
58
30 59
70
84 36
97
20 51
58
4 43
71
23 56
100
64 57
32
22 60
37
55 8
81
96 46
69
99 51
68
57 54
42
31 1
75
50 51
100
91 52
36
8 54
47
11 59
15
85 8
99
52 60
46
43 11
90
84 49
35
1 14
82
87 54
57
64 70
51
3 60
19
77 9
38
22 73
29
61 1
93
80 14
43
38 54
83
79 55
32
98 68
24
82 60
60
15 70
5
73 11
4
18 75
42
12 1
10
31 14
98
91 65
43
75 57
8
94 70
60
33 60
47
52 73
70
24 11
44
68 17
14
45 70
31
86 71
4
58 9
30
3 73
21
89 76
88
77 22
11
61 14
96
80 27
39
47 79
56
0 4
10
19 17
90
79 68
62
98 81
64
63 60
26
82 73
28
95 12
32
40 76
9
12 14
45
53 15
28
72 28
59
88 9
4
74 74
67
93 87
95
46 12
37
65 25
71
10 89
76
51 90
9
49 17
52
7 20
17
67 71
64
26 33
36
86 84
95
70 76
60
42 14
36
83 15
36
28 79
87
47 92
97
0 17
83
19 30
18
60 31
47
5 95
78
63 73
48
21 76
4
95 25
66
40 89
55
81 90
57
53 28
58
39 93
90
72 41
97
37 20
77
56 33
11
14 36
43
46 25
92
16 82
57
49 30
68
35 95
57
90 31
53
26 46
65
67 84
12
70 89
66
83 28
39
28 92
49
69 93
71
41 31
23
60 44
57
44 36
1
2 39
42
62 90
18
34 28
65
20 93
61
37 33
70
78 34
87
23 98
39
97 47
25
14 49
9
55 50
46
99 93
30
71 31
84
90 44
6
29 34
95
48 47
2
92 90
22
50 93
2
8 96
60
41 44
44
25 36
55
44 49
82
85 50
4
2 52
96
59 34
48
4 98
27
78 47
41
97 60
75
36 50
16
55 63
64
27 1
92
71 44
100
38 96
32
30 6
6
6 63
89
22 7
48
85 63
79
57 1
36
24 53
11
43 66
18
36 63
69
77 64
93
94 4
27
80 69
58
52 7
33
10 10
18
87 1
71
73 66
10
45 4
58
86 5
98
31 69
63
3 7
48
89 10
64
66 63
74
24 66
20
98 15
69
1 82
95
40 10
92
77 77
54
75 4
92
61 69
10
80 82
64
33 7
73
52 20
88
19 72
95
10 23
59
51 24
43
54 66
47
67 5
48
12 69
64
31 82
64
72 83
15
70 10
63
28 13
99
88 64
98
5 29
89
65 80
46
82 20
13
49 72
16
68 85
43
21 10
7
40 23
94
81 24
79
58 77
99
42 69
26
61 82
58
0 72
48
74 21
89
19 85
2
93 34
100
32 24
36
51 37
39
35 29
68
95 80
22
67 18
24
12 82
38
53 83
30
72 96
73
70 23
22
28 26
58
47 39
70
14 91
100
5 42
58
46 80
74
65 93
80
68 98
68
21 23
40
62 24
79
7 88
13
81 37
33
20 27
88
39 40
7
83 83
21
0 85
50
74 34
38
41 86
15
60 99
77
13 24
100
44 91
91
76 43
59
34 83
80
53 96
67
92 24
51
9 26
43
50 27
6
27 43
39
71 86
81
90 99
55
62 37
19
20 40
60
39 53
64
4 32
20
96 35
88
41 99
9
13 37
5
25 91
19
99 40
19
16 42
36
57 43
6
76 56
17
15 46
57
34 96
72
92 37
62
50 40
41
69 53
43
8 43
31
11 48
29
71 99
21
30 61
54
84 38
47
43 0
35
87 43
30
1 3
67
4 45
10
45 46
15
64 59
65
22 62
97
15 59
75
73 0
21
18 64
33
31 3
92
91 54
55
8 56
85
94 59
52
11 61
42
52 62
66
24 0
80
10 65
83
43 13
31
84 51
24
1 16
43
45 59
12
64 72
52
3 62
40
77 11
29
61 3
39
80 16
100
38 56
75
54 0
53
73 13
74
40 65
39
12 3
94
31 16
47
91 67
62
75 59
99
94 72
84
33 62
25
52 75
56
65 14
34
10 78
4
49 6
18
68 19
36
67 60
80
26 22
73
86 73
25
70 65
7
3 75
73
58 11
30
89 78
5
42 3
56
47 81
12
19 19
96
82 75
52
21 65
44
40 78
59
12 16
9
53 17
46
72 30
90
88 11
7
33 75
63
46 14
74
32 79
67
65 27
41
49 19
12
68 32
15
7 22
2
67 73
59
70 78
73
89 91
80
42 16
78
83 17
90
28 81
81
60 33
45
5 97
74
63 75
3
95 27
52
53 30
67
39 95
90
37 22
42
74 89
34
71 20
60
16 84
55
90 33
33
35 97
13
7 35
38
48 36
40
92 79
87
9 81
33
28 94
25
69 95
49
41 33
32
60 46
24
25 25
55
44 38
71
2 41
64
62 92
88
34 30
18
4 87
31
78 36
5
37 35
51
55 52
4
96 90
26
13 92
63
99 95
3
16 97
72
90 46
92
57 98
78
29 36
23
48 49
10
92 92
31
50 95
83
8 98
41
25 38
23
44 51
36
85 52
69
2 54
49
43 55
14
76 3
31
87 98
8
59 36
64
78 49
37
17 39
27
55 65
76
29 49
3
73 55
9
6 65
60
64 6
63
22 9
89
66 52
39
85 65
99
24 55
44
98 4
2
43 68
72
1 71
35
59 49
58
18 11
12
17 52
3
91 1
18
36 65
67
77 66
63
94 6
48
54 55
6
73 68
40
12 58
86
86 7
93
31 71
68
45 6
39
3 9
48
89 12
63
79 4
42
24 68
39
98 17
9
65 69
37
68 74
77
40 12
17
77 79
45
42 58
1
75 6
94
80 84
27
33 9
82
74 10
4
93 23
84
51 26
36
54 68
66
95 69
4
67 7
79
12 71
25
86 20
3
31 84
68
72 85
9
70 12
55
89 25
77
28 15
92
47 28
43
88 66
29
46 69
43
5 31
100
65 82
12
63 9
77
49 74
70
21 12
20
40 25
38
81 26
62
39 29
52
58 79
2
42 71
12
74 23
15
19 87
32
60 88
96
93 36
62
13 13
31
32 26
34
51 39
12
16 18
90
35 31
52
95 82
78
67 20
11
53 85
94
72 98
39
37 77
55
70 25
11
56 90
88
69 29
17
14 93
10
46 82
80
49 87
36
90 88
56
62 26
59
7 90
28
81 39
56
20 29
41
39 42
70
23 34
62
83 85
96
96 24
53
41 88
31
13 26
49
44 93
90
32 39
12
16 31
56
35 44
10
34 85
10
9 28
100
50 29
92
8 32
32
11 37
23
71 88
95
62 39
55
29 91
69
20 42
97
4 34
11
64 48
57
83 98
16
25 93
15
38 32
55
76 58
48
15 48
5
59 91
15
18 53
40
50 42
8
91 43
83
8 45
61
94 48
71
11 50
90
30 63
33
43 2
44
84 40
37
87 45
70
4 47
64
45 48
37
64 61
42
3 51
24
77 0
33
80 5
17
57 58
38
98 59
82
15 61
59
18 66
26
75 48
18
94 61
31
33 51
80
24 2
73
87 58
64
45 61
51
86 62
34
58 0
23
3 64
98
77 13
3
22 77
23
89 67
39
61 5
51
80 18
47
98 72
6
82 64
35
54 2
65
95 3
47
31 18
18
72 19
85
75 61
42
88 0
49
33 64
87
52 77
75
93 78
98
65 16
41
49 8
90
67 62
62
26 24
45
86 75
41
70 67
73
42 5
54
61 18
1
28 70
81
47 83
43
19 21
19
5 86
37
79 72
94
63 64
10
82 77
63
21 67
13
95 16
51
53 19
10
72 32
79
56 24
31
14 27
16
88 13
43
74 78
52
93 91
50
46 16
17
32 81
3
35 86
30
68 34
36
7 24
74
26 37
81
67 75
94
70 80
6
9 70
47
83 19
94
28 83
44
0 21
15
5 99
4
44 27
70
21 80
44
62 81
43
81 94
72
34 19
8
53 32
64
37 24
85
56 37
82
74 91
36
32 94
25
71 22
22
16 86
51
90 35
63
35 99
51
7 37
34
48 38
45
6 41
42
92 81
72
9 83
88
83 32
46
41 35
23
25 27
50
44 40
97
2 43
28
62 94
14
4 89
40
36 41
47
96 92
74
55 54
87
13 94
78
99 97
97
71 35
7
16 99
84
29 38
93
48 51
86
92 94
52
6 54
47
50 97
69
25 40
34
66 41
38
85 54
17
43 57
48
84 95
25
1 60
16
36 54
60
10 1
25
29 51
22
64 8
17
31 60
23
22 11
77
66 54
33
85 67
27
43 70
27
40 1
86
17 54
13
58 55
11
91 3
21
77 68
51
94 8
71
61 60
82
80 73
35
52 11
89
93 12
50
10 14
75
54 57
26
73 70
99
12 60
96
86 9
5
31 73
67
70 1
63
3 11
37
88 55
66
47 17
54
79 6
14
24 70
25
5 20
39
65 71
78
68 76
18
40 14
70
26 79
52
58 68
22
77 81
76
42 60
94
61 73
82
80 86
37
0 63
50
33 11
21
74 12
50
35 20
16
54 70
94
67 9
31
12 73
36
53 74
63
86 22
80
70 14
43
56 79
75
89 27
70
9 4
29
28 17
75
88 68
44
47 30
53
5 33
60
46 71
74
65 84
8
63 11
86
49 76
52
68 89
57
21 14
3
62 15
77
7 79
56
26 92
83
39 31
22
42 73
73
83 74
10
0 76
78
19 89
9
13 15
97
32 28
65
16 20
74
35 33
88
95 84
21
34 74
32
53 87
48
92 15
82
37 79
57
56 92
85
28 30
21
69 31
23
14 95
16
27 34
14
46 84
39
30 39
63
49 89
14
90 90
29
62 28
99
7 92
76
81 41
5
39 44
40
4 23
85
23 36
48
83 87
42
96 26
44
41 90
37
13 28
51
99 31
35
44 95
39
2 98
53
76 47
68
34 87
1
92 28
14
78 93
97
69 44
91
8 34
7
27 47
78
11 39
11
30 52
11
71 90
61
84 29
15
29 93
28
87 34
10
64 50
87
96 39
40
55 1
55
25 95
31
38 34
53
57 47
15
15 50
17
59 93
49
6 1
27
18 55
13
17 96
22
50 44
74
91 45
21
94 50
86
11 52
57
85 1
81
52 53
30
43 4
72
87 47
68
1 7
96
64 63
55
3 53
48
38 47
68
79 48
59
98 61
100
82 53
35
18 68
18
91 58
48
75 50
50
94 63
13
33 53
25
52 66
51
24 4
55
10 69
49
1 20
41
86 64
53
58 2
28
3 66
24
77 15
54
61 7
44
80 20
42
19 10
93
79 61
44
98 74
24
82 66
70
21 56
18
40 69
17
12 7
69
31 20
97
72 21
47
75 63
27
33 66
99
74 67
55
93 80
72
46 5
31
65 18
1
10 82
57
51 83
81
49 10
51
68 23
75
26 26
58
67 64
34
70 69
51
89 82
12
42 7
88
28 72
9
19 23
1
60 24
84
63 66
50
21 69
60
95 18
26
40 82
79
81 83
27
34 8
47
53 21
28
72 34
38
56 26
86
74 80
39
93 93
11
32 83
95
51 96
83
35 88
70
7 26
14
67 77
48
70 82
18
9 72
17
83 21
19
28 85
71
60 37
98
44 29
15
62 83
68
34 21
77
20 86
5
53 34
100
39 99
65
37 26
56
23 91
65
97 40
60
56 39
18
55 43
78
96 81
18
13 83
32
32 96
77
71 24
9
90 37
23
29 27
12
48 40
45
92 83
48
6 43
66
50 86
67
69 99
28
41 37
87
44 42
4
2 45
14
62 96
93
20 99
88
4 91
25
78 40
98
55 56
73
99 99
50
71 37
61
48 53
37
92 96
29
6 56
2
50 99
84
25 42
10
85 56
57
24 46
20
43 59
44
1 62
100
18 2
5
59 40
94
78 53
95
17 43
83
36 56
54
52 0
36
10 3
36
54 46
65
73 59
14
31 62
41
3 0
66
89 3
95
22 13
52
66 56
56
24 59
61
98 8
93
82 0
7
40 3
8
58 57
71
77 70
48
61 62
17
80 75
72
33 0
7
52 13
34
93 14
55
54 59
88
73 72
53
12 62
4
86 11
18
31 75
91
72 76
55
70 3
51
89 16
39
28 6
41
88 57
98
47 19
35
5 22
35
65 73
34
63 0
42
49 65
25
68 78
59
40 16
70
81 17
96
26 81
82
42 62
24
0 65
36
74 14
29
19 78
32
32 17
14
51 30
34
35 22
44
95 73
93
12 75
81
53 76
41
70 16
57
56 81
66
9 6
98
28 19
19
47 32
47
88 70
60
5 35
54
46 73
65
65 86
69
68 91
51
21 16
9
7 81
51
26 94
76
39 33
77
23 25
21
83 76
96
0 78
36
60 92
72
13 17
96
16 22
19
76 36
81
53 89
49
37 81
33
56 94
87
97 95
42
9 19
92
50 20
83
69 33
82
27 36
52
30 41
85
71 79
28
90 92
16
7 94
92
48 95
94
20 33
68
39 46
45
6 98
67
4 25
37
23 38
99
83 89
97
96 28
28
41 92
78
25 84
79
99 33
71
13 30
82
44 97
32
16 35
59
57 36
71
76 49
42
92 30
88
50 33
65
36 98
45
69 46
2
27 49
19
11 41
90
71 92
25
30 54
100
84 31
23
29 95
4
45 39
24
64 52
62
22 55
46
55 3
53
96 41
23
25 97
95
99 46
34
66 98
32
57 49
8
18 57
71
59 95
23
17 98
13
75 39
8
94 52
46
84 44
35
87 49
72
1 9
30
64 65
84
3 55
20
77 4
13
22 68
10
80 9
88
38 49
29
79 50
82
82 55
37
73 6
74
31 9
86
94 65
100
33 55
10
52 68
53
24 6
57
68 12
22
26 15
50
86 66
100
58 4
4
3 68
70
89 71
35
77 17
76
61 9
64
80 22
51
47 74
78
79 63
94
63 55
53
21 58
2
95 7
69
40 71
42
12 9
58
53 10
21
72 23
11
88 4
98
74 69
96
93 82
8
10 84
17
51 85
75
49 12
85
68 25
39
7 15
30
26 28
46
70 71
32
83 10
78
28 74
70
47 87
66
0 12
67
19 25
88
5 90
78
21 71
32
62 72
74
95 20
3
81 85
1
72 36
78
37 15
95
56 28
91
14 31
61
74 82
95
13 72
2
46 20
19
51 98
43
16 77
22
90 26
92
35 90
31
49 25
8
7 28
94
48 29
34
92 72
33
9 74
48
83 23
51
28 87
66
69 88
4
41 26
51
60 39
47
25 18
25
62 85
92
81 98
95
34 23
20
20 88
50
23 93
36
97 42
7
14 44
15
96 83
83
55 45
14
13 85
62
99 88
35
16 90
18
29 29
62
48 42
68
92 85
28
6 45
1
50 88
100
41 39
33
25 31
25
11 96
71
85 45
1
44 44
62
2 47
22
43 48
36
84 86
94
59 29
12
4 93
49
78 42
42
17 32
33
36 45
42
96 96
15
71 39
82
38 91
28
29 42
77
22 2
81
85 58
88
24 48
86
84 99
84
1 64
9
59 42
68
18 4
41
36 58
98
77 59
63
80 64
22
52 2
84
10 5
75
54 48
54
73 61
83
86 0
57
3 2
72
89 5
15
47 8
14
66 58
69
24 61
62
65 62
96
82 2
60
68 67
71
1 77
81
40 5
99
58 59
96
77 72
89
42 51
35
80 77
19
74 3
11
93 16
22
54 61
51
95 62
64
67 0
84
31 77
59
72 78
40
70 5
20
28 8
66
47 21
39
5 24
70
46 62
39
65 75
1
49 67
93
21 5
70
7 70
90
40 18
53
58 72
76
42 64
17
61 77
80
19 80
30
60 81
100
13 6
10
32 19
75
51 32
47
16 11
40
35 24
19
67 13
50
34 65
99
72 91
56
70 18
26
37 70
89
56 83
76
9 8
20
28 21
90
14 86
34
46 75
6
49 80
43
90 81
71
62 19
7
81 32
38
26 96
54
20 22
61
39 35
61
83 78
9
96 17
33
60 94
52
13 19
7
99 22
56
32 32
32
16 24
98
76 38
36
92 19
7
37 83
55
56 96
8
97 97
96
9 21
6
50 22
27
69 35
11
14 99
45
8 25
19
27 38
63
30 43
65
71 81
88
29 84
65
62 32
36
48 97
100
20 35
28
4 27
79
23 40
76
83 91
25
96 30
12
41 94
76
25 86
83
99 35
36
76 51
80
15 41
32
18 46
27
92 32
99
91 36
93
8 38
53
94 41
38
27 51
65
11 43
36
30 56
22
71 94
100
84 33
27
87 38
49
4 40
2
45 41
71
64 54
88
22 57
16
25 99
47
38 38
93
57 51
67
98 52
19
15 54
39
59 97
20
18 59
81
91 49
64
75 41
58
52 57
5
84 46
9
43 8
57
87 51
2
1 11
36
77 6
35
22 70
51
79 52
71
98 65
99
63 44
31
73 8
73
40 60
34
75 54
7
33 57
54
52 70
87
93 71
82
10 73
90
49 1
74
68 14
3
26 17
71
86 68
4
58 6
79
70 60
5
89 73
29
61 11
58
47 76
1
0 1
16
19 14
96
5 79
59
79 65
77
82 70
9
21 60
91
95 9
14
12 11
75
53 12
89
72 25
67
56 17
44
88 6
74
74 71
33
93 84
69
46 9
67
32 74
9
65 22
94
51 87
37
35 79
75
68 27
2
7 17
22
67 68
76
26 30
51
70 73
19
42 11
81
83 12
89
28 76
60
9 63
12
47 89
93
0 14
92
41 15
22
60 28
53
44 20
90
21 73
14
62 74
44
81 87
63
34 12
92
39 90
11
37 17
71
56 30
24
97 31
72
14 33
97
74 84
63
13 74
58
71 15
39
16 79
42
90 28
95
35 92
11
7 30
26
48 31
63
92 74
5
6 34
62
9 76
84
83 25
90
28 89
54
27 93
64
25 20
38
44 33
81
30 98
94
2 36
87
62 87
26
20 90
19
37 30
58
78 31
54
23 95
47
97 44
83
36 34
22
96 85
90
13 87
1
99 90
32
71 28
60
16 92
10
90 41
23
57 93
7
48 44
16
92 87
5
50 90
53
8 93
5
25 33
77
11 98
2
85 47
89
2 49
36
59 31
26
4 95
88
78 44
39
17 34
56
96 98
4
38 93
95
29 44
79
64 1
67
31 53
36
85 60
25
24 50
48
43 63
66
58 48
83
77 61
21
94 1
56
80 66
11
52 4
75
93 5
73
10 7
100
73 63
25
12 53
34
86 2
8
31 66
49
3 4
24
89 7
87
88 48
4
65 64
36
82 4
11
40 7
7
26 72
85
58 61
92
77 74
81
0 56
68
19 69
58
93 18
29
51 21
2
67 2
4
12 66
3
53 67
54
72 80
56
70 7
1
89 20
77
56 72
88
88 61
90
47 23
65
5 26
71
46 64
64
63 4
39
49 69
95
68 82
92
21 7
51
7 72
66
81 21
4
39 24
73
42 66
85
83 67
81
0 69
97
19 82
7
60 83
54
35 26
96
95 77
36
34 67
87
53 80
22
72 93
86
92 8
99
37 72
81
28 23
48
69 24
61
5 39
76
46 77
16
49 82
38
90 83
5
62 21
19
7 85
23
81 34
100
48 86
78
96 19
65
41 83
72
60 96
44
13 21
20
99 24
1
44 88
91
16 26
30
2 91
53
34 80
71
92 21
4
37 85
11
97 99
75
50 24
58
69 37
50
8 27
12
11 32
94
30 45
25
90 96
47
84 22
95
29 86
96
48 99
70
20 37
2
23 42
55
64 43
5
41 96
42
38 27
1
76 53
90
15 43
10
18 48
78
59 86
32
78 99
57
50 37
65
91 38
61
8 40
83
94 43
61
27 53
45
11 45
71
71 96
37
84 35
33
29 99
44
1 0
11
87 40
4
3 46
99
22 59
37
80 0
55
79 41
82
15 56
36
18 61
40
59 99
76
31 0
63
91 51
76
75 43
65
94 56
55
52 59
40
10 62
91
68 3
84
1 13
37
45 56
90
86 57
40
89 62
93
77 8
99
22 72
32
61 0
45
80 13
11
19 3
8
79 54
82
63 46
61
82 59
61
40 62
46
12 0
37
31 13
30
72 14
17
75 56
85
33 59
4
52 72
83
93 73
4
65 11
28
10 75
54
49 3
10
7 6
10
26 19
55
86 70
42
70 62
14
89 75
64
42 0
44
61 13
35
28 65
44
47 78
39
5 81
33
21 62
95
95 11
64
40 75
30
81 76
38
34 1
36
53 14
1
72 27
36
37 6
37
56 19
90
14 22
60
88 8
77
74 73
22
93 86
96
46 11
77
32 76
41
49 16
87
35 81
42
7 19
47
67 70
100
26 32
77
9 65
76
83 14
70
47 91
70
0 16
69
5 94
67
44 22
14
2 25
94
21 75
47
62 76
56
34 14
80
20 79
59
53 27
88
39 92
93
37 19
25
56 32
22
97 33
85
14 35
35
55 36
91
32 89
43
16 81
85
90 30
55
76 95
98
48 33
32
92 76
3
6 36
94
83 27
26
50 79
49
69 92
45
27 95
51
85 36
9
2 38
28
62 89
62
4 84
99
78 33
89
23 97
5
97 46
60
36 36
19
96 87
23
55 49
100
99 92
90
29 33
63
15 98
21
48 46
57
6 49
59
92 89
84
50 92
73
8 95
34
25 35
72
66 36
44
85 49
17
24 39
74
84 90
91
43 52
80
87 95
84
1 55
39
59 33
66
4 97
37
78 46
88
45 98
83
36 49
15
38 95
78
54 39
84
73 52
27
31 55
96
22 6
60
24 52
98
43 65
51
1 68
7
17 49
71
58 50
30
77 63
69
61 55
8
80 68
58
52 6
53
93 7
26
19 58
76
10 9
79
73 65
92
12 55
15
86 4
55
31 68
59
72 69
58
88 50
17
65 66
26
82 6
52
49 58
56
68 71
31
40 9
94
26 74
73
42 55
100
0 58
76
74 7
11
19 71
23
32 10
50
35 15
73
95 66
28
67 4
97
12 68
35
53 69
29
72 82
59
70 9
25
28 12
80
47 25
83
88 63
1
46 66
39
5 28
37
65 79
64
68 84
10
7 74
42
26 87
86
39 26
16
83 69
56
0 71
93
74 20
22
41 72
88
60 85
83
44 77
99
32 23
22
51 36
30
16 15
71
35 28
79
95 79
77
53 82
53
92 10
11
37 74
83
56 87
61
97 88
79
9 12
21
50 13
44
69 26
95
14 90
95
30 34
71
90 85
47
7 87
41
48 88
82
20 26
5
39 39
41
4 18
62
23 31
48
83 82
5
41 85
73
13 23
100
99 26
97
44 90
77
16 28
24
57 29
15
76 42
73
34 82
55
92 23
86
37 87
43
50 26
78
69 39
23
36 91
47
8 29
61
27 42
4
30 47
69
90 98
63
84 24
92
29 88
40
87 29
85
4 31
21
23 44
65
64 45
98
96 34
76
66 91
5
99 39
28
38 29
95
57 42
53
76 55
32
15 45
37
59 88
45
18 50
13
17 91
22
94 45
32
52 48
77
84 37
52
1 2
23
87 42
2
64 58
60
3 48
47
22 61
94
80 2
49
38 42
40
82 48
45
18 63
9
91 53
94
75 45
91
33 48
9
52 61
6
65 0
93
10 64
45
68 5
75
86 59
92
3 61
32
89 64
61
61 2
3
47 67
24
80 15
63
19 5
68
79 56
33
82 61
78
21 51
34
95 0
15
40 64
54
12 2
5
53 3
98
72 16
56
33 61
60
93 75
39
46 0
32
65 13
17
10 77
49
51 78
60
49 5
47
67 59
37
26 21
86
86 72
58
70 64
90
42 2
10
83 3
6
47 80
59
60 19
59
5 83
59
21 64
25
95 13
57
53 16
51
72 29
88
39 81
55
14 24
73
74 75
32
46 13
59
13 65
57
32 78
65
51 91
69
49 18
6
90 19
3
16 70
9
7 21
5
48 22
72
9 67
81
83 16
55
28 80
46
69 81
17
41 19
48
60 32
86
5 96
75
2 27
70
62 78
71
81 91
37
34 16
67
20 81
46
39 94
73
37 21
98
78 22
11
97 35
28
55 38
85
96 76
75
13 78
68
99 81
53
32 91
64
71 19
1
90 32
63
35 96
17
76 97
8
29 22
34
48 35
29
92 78
39
9 80
64
50 81
41
69 94
76
41 32
57
8 84
77
27 97
33
44 37
97
85 38
23
2 40
100
43 41
36
62 91
78
20 94
39
59 22
32
78 35
50
97 48
84
36 38
32
96 89
34
55 51
31
99 94
85
71 32
65
38 84
51
57 97
49
29 35
20
73 41
39
6 51
13
91 95
51
66 38
27
84 92
97
43 54
91
1 57
60
87 97
49
4 99
84
36 51
19
80 57
55
38 97
23
12 44
28
31 57
52
66 51
42
24 54
74
65 55
55
98 3
70
68 60
14
1 70
62
58 52
40
77 65
59
42 44
18
61 57
79
19 60
90
10 11
74
51 12
20
54 54
40
95 55
86
31 70
74
72 71
38
28 1
46
46 55
63
5 17
82
65 68
11
68 73
32
40 11
33
81 12
26
26 76
81
7 63
8
42 57
29
61 70
64
74 9
25
19 73
56
60 74
93
32 12
71
51 25
73
35 17
7
95 68
36
53 71
91
37 63
5
70 11
50
9 1
30
28 14
35
47 27
97
14 79
60
88 65
3
46 68
44
5 30
55
90 74
44
62 12
74
81 25
29
26 89
72
39 28
66
23 20
50
0 73
56
41 74
90
60 87
59
13 12
80
44 79
45
32 25
28
35 30
33
76 31
46
53 84
40
37 76
34
56 89
68
97 90
98
9 14
12
50 15
69
69 28
25
14 92
20
27 31
76
71 74
90
30 36
96
90 87
54
20 28
30
6 93
75
39 41
68
4 20
58
83 84
83
96 23
30
41 87
91
25 79
96
99 28
14
44 92
41
85 93
11
16 30
50
57 31
47
2 95
65
76 44
85
15 34
28
59 77
35
92 25
4
78 90
25
50 28
39
69 41
6
36 93
58
8 31
86
27 44
25
11 36
85
71 87
36
29 90
55
87 31
32
4 33
90
64 47
44
22 50
28
25 92
86
38 31
77
57 44
11
98 45
56
15 47
3
59 90
73
18 52
33
17 93
50
91 42
30
75 34
96
94 47
25
11 49
87
52 50
83
84 39
47
43 1
21
54 96
55
87 44
56
45 47
89
64 60
48
3 50
46
22 63
94
79 45
17
98 58
94
82 50
70
73 1
32
40 53
11
31 4
57
72 5
68
75 47
62
94 60
40
33 50
8
52 63
40
93 64
66
65 2
92
10 66
22
68 7
15
26 10
10
70 53
61
3 63
92
61 4
20
47 69
5
19 7
63
79 58
84
5 72
3
63 50
46
82 63
42
95 2
89
40 66
52
12 4
30
53 5
1
72 18
51
56 10
16
14 13
31
33 63
25
93 77
63
32 67
80
51 80
9
7 10
69
67 61
52
26 23
15
70 66
85
89 79
8
42 4
79
83 5
52
28 69
86
47 82
3
41 8
80
60 21
45
44 13
17
63 63
89
21 66
14
81 80
96
34 5
16
53 18
46
39 83
41
56 23
14
97 24
90
14 26
10
13 67
88
32 80
95
71 8
37
16 72
29
35 85
33
7 23
25
48 24
90
6 27
8
92 67
94
9 69
7
83 18
50
69 83
81
41 21
97
27 86
80
60 34
46
25 13
28
30 91
71
2 29
28
62 80
86
34 18
53
20 83
17
39 96
99
37 23
26
78 24
64
23 88
89
97 37
26
36 27
75
55 40
45
13 80
100
57 86
62
90 34
94
29 24
63
92 80
93
6 40
29
50 83
74
8 86
62
27 99
46
25 26
40
66 27
16
11 91
96
2 42
71
43 43
33
84 81
92
20 96
72
59 24
64
78 37
32
17 27
98
36 40
63
55 53
28
99 96
67
38 86
25
57 99
97
73 43
33
8 99
71
85 53
95
24 43
86
84 94
45
1 59
27
59 37
88
58 41
17
77 54
46
61 46
54
73 56
25
31 59
7
89 0
55
88 41
69
47 3
11
68 62
46
77 67
67
61 59
60
80 72
68
0 49
51
19 62
9
10 13
3
54 56
6
95 57
86
12 59
2
53 60
2
72 73
95
70 0
33
89 13
4
28 3
42
88 54
96
5 19
52
49 62
59
68 75
2
21 0
74
40 13
4
81 14
51
7 65
40
39 17
46
42 59
23
83 60
32
74 11
31
19 75
51
13 1
79
32 14
3
51 27
68
16 6
51
35 19
27
95 70
86
34 60
16
53 73
15
72 86
6
56 78
73
9 3
63
28 16
23
69 17
26
14 81
47
5 32
70
46 70
59
49 75
65
90 76
64
7 78
92
81 27
13
26 91
19
20 17
71
39 30
100
23 22
68
83 73
46
96 12
30
41 76
30
60 89
32
13 14
4
99 17
74
44 81
67
32 27
26
16 19
39
2 84
17
35 32
71
34 73
76
37 78
28
78 79
67
97 92
25
9 16
27
50 17
47
69 30
3
8 20
61
27 33
55
11 25
48
30 38
8
71 76
56
90 89
17
29 79
38
48 92
45
20 30
70
4 22
83
23 35
96
64 36
3
96 25
19
41 89
44
25 81
25
99 30
59
57 33
22
2 97
93
76 46
40
15 36
26
18 41
19
59 79
10
50 30
15
8 33
84
94 36
2
27 46
4
30 51
14
71 89
43
84 28
78
29 92
69
87 33
100
45 36
4
64 49
30
3 39
84
22 52
66
66 95
59
57 46
25
98 47
88
59 92
94
17 95
37
91 44
4
75 36
71
94 49
24
10 55
90
54 98
62
45 49
11
86 50
81
3 52
12
77 1
76
22 65
58
80 6
71
82 52
4
40 55
30
72 7
14
75 49
49
33 52
96
52 65
95
93 66
12
65 4
78
10 68
92
51 69
67
26 12
75
67 50
83
86 63
85
58 1
100
70 55
74
89 68
99
28 58
84
61 6
98
19 9
96
60 10
72
5 74
74
79 60
12
63 52
96
82 65
60
21 55
33
95 4
90
40 68
11
53 7
98
72 20
4
14 15
70
74 66
92
93 79
99
46 4
14
32 69
91
90 10
72
35 74
83
7 12
32
67 63
59
9 58
12
83 7
13
28 71
94
47 84
82
0 9
10
41 10
78
5 87
68
44 15
66
21 68
79
62 69
27
81 82
80
34 7
97
39 85
52
37 12
87
56 25
74
97 26
48
14 28
56
55 29
4
13 69
43
32 82
57
90 23
75
76 88
93
48 26
27
92 69
13
6 29
69
9 71
36
83 20
1
69 85
9
41 23
99
27 88
56
25 15
60
44 28
97
85 29
61
30 93
71
62 82
26
20 85
44
39 98
53
59 13
84
4 77
85
78 26
51
23 90
83
36 29
18
96 80
12
55 42
9
13 82
87
99 85
95
71 23
60
16 87
68
57 88
28
29 26
18
18 96
57
92 82
36
6 42
97
50 85
33
8 88
40
11 93
58
85 42
79
84 83
2
43 45
94
1 48
52
87 88
29
4 90
50
45 91
91
78 39
40
17 29
93
36 42
74
77 43
37
99 98
84
38 88
12
54 32
81
73 45
48
31 48
38
91 99
27
75 91
56
66 42
28
24 45
10
84 96
18
43 58
55
1 61
100
17 42
23
58 43
29
77 56
25
93 0
35
54 45
64
12 48
7
89 2
18
88 43
84
47 5
93
46 46
17
65 59
48
49 51
95
26 67
96
58 56
92
42 48
84
0 51
60
74 0
16
19 64
24
93 13
22
32 3
79
35 8
77
95 59
89
12 61
8
53 62
41
72 75
39
70 2
4
89 15
100
28 5
2
88 56
38
47 18
45
5 21
97
46 59
94
49 64
83
62 3
69
7 67
94
26 80
88
39 19
72
42 61
12
83 62
43
0 64
71
74 13
23
60 78
80
13 3
29
32 16
15
51 29
96
16 8
53
35 21
38
95 72
22
34 62
38
53 75
96
92 3
67
37 67
72
56 80
35
28 18
25
27 22
4
71 65
66
30 27
40
90 78
61
62 16
90
7 80
11
48 81
85
20 19
58
39 32
27
23 24
30
83 75
22
41 78
28
60 91
6
25 70
12
13 16
51
99 19
47
16 21
15
57 22
94
2 86
59
34 75
57
92 16
46
37 80
69
78 81
76
97 94
16
69 32
35
14 96
43
8 22
88
27 35
27
11 27
55
30 40
36
29 81
54
48 94
46
87 22
92
20 32
70
6 97
64
23 37
95
64 38
4
22 41
66
96 27
28
44 96
33
38 22
96
57 35
64
2 99
69
76 48
69
15 38
93
18 43
100
59 81
89
78 94
82
91 33
25
36 97
88
8 35
70
94 38
59
11 40
19
52 41
81
84 30
74
29 94
32
45 38
39
64 51
88
3 41
67
22 54
62
66 97
62
38 35
8
79 36
20
98 49
90
82 41
50
18 56
79
17 97
18
91 46
86
33 41
79
10 57
30
45 51
60
86 52
13
89 57
72
47 60
42
80 8
87
63 41
32
82 54
7
21 44
54
40 57
26
72 9
55
56 1
56
75 51
81
33 54
90
65 6
92
10 70
90
51 71
50
7 1
80
26 14
6
67 52
97
86 65
87
70 57
65
19 11
61
60 12
58
5 76
80
63 54
97
21 57
26
95 6
25
40 70
85
72 22
95
39 74
32
37 1
72
56 14
21
14 17
60
74 68
66
93 81
1
46 6
29
13 58
73
32 71
39
51 84
30
16 63
81
49 11
32
35 76
43
7 14
75
70 70
97
9 60
48
83 9
46
69 74
13
41 12
40
60 25
94
44 17
69
2 20
73
62 71
65
81 84
40
34 9
10
20 74
32
39 87
65
37 14
47
78 15
26
23 79
73
97 28
29
14 30
55
55 31
28
96 69
75
13 71
69
99 74
51
32 84
74
90 25
22
35 89
53
76 90
53
29 15
10
6 31
3
9 73
11
69 87
20
8 77
20
41 25
12
25 17
31
44 30
79
11 82
35
30 95
86
2 33
97
62 84
47
20 87
85
59 15
55
4 79
92
23 92
52
64 93
58
17 18
19
96 82
29
55 44
5
99 87
50
71 25
100
38 77
1
29 28
73
15 93
26
6 44
16
18 98
2
8 90
92
94 93
65
66 31
9
85 44
38
24 34
81
43 47
98
87 90
22
59 28
97
45 93
19
17 31
62
3 96
56
77 45
70
80 50
11
38 90
12
54 34
59
73 47
71
31 50
99
22 1
46
33 96
98
66 44
6
24 47
71
1 63
19
58 45
60
77 58
57
42 37
97
61 50
17
10 4
60
63 96
55
12 50
81
31 63
1
72 64
50
89 4
14
88 45
90
47 7
3
65 61
38
49 53
39
68 66
33
40 4
48
26 69
71
58 58
100
42 50
34
61 63
63
0 53
29
74 2
82
19 66
11
32 5
81
51 18
18
35 10
23
95 61
59
53 64
1
70 4
32
56 69
30
28 7
63
47 20
99
88 58
62
14 72
41
46 61
86
68 79
54
21 4
22
62 5
88
26 82
99
20 8
18
39 21
16
23 13
44
41 67
6
74 15
19
60 80
95
44 72
58
16 10
50
35 23
15
76 24
64
34 64
39
53 77
6
92 5
81
37 69
96
56 82
16
97 83
59
9 7
23
50 8
92
14 85
94
71 67
37
90 80
57
6 86
15
4 13
86
23 26
56
83 77
59
96 16
58
60 93
4
13 18
9
16 23
75
57 24
4
76 37
98
15 27
1
18 32
14
92 18
88
78 83
74
97 96
30
50 21
78
69 34
45
55 99
48
27 37
32
11 29
9
71 80
1
30 42
52
84 19
70
29 83
78
87 24
97
6 99
77
4 26
87
45 27
91
64 40
97
22 43
94
96 29
37
25 85
90
66 86
85
38 24
33
57 37
8
15 40
74
18 45
3
59 83
2
17 86
56
36 99
62
75 27
88
8 37
51
94 40
63
11 42
2
52 43
39
10 46
73
29 96
82
45 40
56
64 53
27
3 43
61
22 56
19
66 99
75
38 37
56
98 51
84
40 46
88
17 99
81
91 48
98
33 43
41
52 56
24
10 59
14
68 0
73
26 3
23
67 41
15
86 54
2
70 46
80
3 56
39
89 59
43
47 62
86
19 0
80
5 65
43
79 51
37
63 43
61
82 56
68
21 46
36
40 59
100
72 11
74
56 3
81
33 56
55
74 57
100
93 70
46
32 60
22
68 13
73
7 3
40
67 54
100
26 16
57
86 67
73
70 59
63
9 49
13
28 62
89
41 1
66
5 78
54
63 56
98
21 59
2
62 60
26
95 8
11
81 73
63
39 76
80
37 3
86
56 16
64
14 19
71
13 60
42
32 73
67
51 86
94
71 1
18
16 65
65
35 78
74
7 16
37
48 17
79
92 60
96
9 62
26
83 11
30
28 75
92
69 76
74
41 14
50
27 79
65
25 6
99
44 19
29
30 84
53
2 22
41
62 73
93
34 11
34
20 76
74
37 16
48
4 68
92
78 17
94
97 30
78
23 81
90
14 32
97
55 33
97
13 73
25
71 14
70
16 78
81
57 79
24
90 27
47
76 92
62
29 17
77
48 30
46
92 73
52
6 33
8
50 76
57
69 89
24
8 79
81
25 19
78
11 84
41
30 97
8
43 36
82
84 74
24
87 79
48
20 89
12
4 81
74
78 30
55
64 95
43
17 20
72
36 33
56
96 84
23
55 46
87
99 89
12
38 79
33
57 92
10
29 30
79
6 46
12
50 89
3
91 90
82
94 95
42
11 97
8
85 46
24
52 98
37
24 36
100
43 49
57
84 87
77
1 52
64
87 92
27
17 33
93
3 98
57
77 47
47
80 52
48
38 92
59
79 93
66
54 36
94
73 49
37
12 39
12
31 52
65
75 95
35
88 34
89
65 50
13
68 55
81
1 65
88
77 60
7
42 39
97
80 65
88
19 55
72
63 98
92
51 7
5
54 49
68
95 50
21
86 1
70
31 65
15
72 66
52
88 47
71
5 12
57
46 50
46
65 63
76
7 58
36
81 7
98
39 10
56
42 52
79
0 55
82
74 4
67
60 69
8
32 7
56
51 20
4
35 12
38
95 63
41
34 53
89
72 79
25
56 71
69
28 9
65
14 74
62
46 63
95
49 68
89
90 69
71
62 7
2
81 20
78
26 84
92
20 10
43
39 23
50
96 5
90
41 69
57
60 82
48
99 10
24
32 20
12
44 74
79
35 25
44
76 26
77
34 66
64
92 7
86
37 71
34
97 85
42
9 9
6
69 23
14
8 13
46
27 26
11
11 18
59
30 31
7
71 69
43
62 20
25
48 85
94
20 23
93
4 15
67
23 28
97
64 29
78
41 82
18
25 74
31
99 23
87
44 87
19
85 88
56
38 13
80
57 26
77
2 90
76
15 29
77
59 72
99
92 20
44
78 85
84
18 34
27
97 98
91
50 23
74
8 26
4
94 29
35
27 39
27
71 82
18
30 44
60
84 21
82
29 85
10
48 98
44
87 26
39
4 28
70
45 29
29
64 42
98
3 32
12
22 45
26
25 87
52
66 88
40
38 26
63
24 91
74
98 40
13
15 42
88
59 85
11
91 37
83
75 29
54
94 42
53
33 32
73
52 45
14
10 48
83
84 34
5
87 39
50
54 91
28
45 42
18
3 45
13
89 48
27
22 58
18
79 40
17
98 53
36
63 32
97
82 45
61
40 48
53
75 42
47
52 58
42
93 59
41
10 61
56
51 62
52
86 56
94
89 61
85
28 51
27
47 64
31
19 2
89
63 45
2
82 58
5
21 48
85
40 61
27
81 62
53
53 0
86
14 8
90
74 59
45
93 72
72
32 62
10
51 75
81
49 2
29
35 67
96
7 5
19
26 18
98
9 51
62
83 0
2
0 2
3
60 16
3
5 80
53
44 8
40
21 61
22
81 75
51
34 0
3
53 13
82
20 65
12
39 78
17
37 5
84
23 70
51
56 18
90
97 19
21
14 21
45
74 72
77
13 62
84
32 75
49
71 3
1
16 67
43
90 16
14
35 80
68
76 81
92
48 19
79
9 64
52
50 65
75
83 13
71
41 16
47
27 81
7
25 8
39
44 21
14
30 86
30
62 75
2
20 78
16
59 6
89
78 19
54
97 32
51
55 35
10
96 73
87
13 75
21
99 78
25
71 16
16
16 80
45
57 81
66
76 94
71
29 19
75
48 32
67
15 84
94
6 35
72
50 78
1
69 91
68
25 21
60
66 22
53
11 86
48
85 35
80
30 99
49
84 76
45
43 38
43
87 81
39
1 41
94
59 19
68
4 83
79
45 84
14
64 97
12
17 22
1
99 91
94
98 95
78
73 38
9
31 41
29
75 84
14
8 94
99
94 97
38
66 35
17
24 38
46
43 51
69
84 89
73
87 94
31
45 97
73
17 35
44
58 36
56
77 49
24
61 41
96
80 54
53
38 94
71
79 95
57
54 38
100
12 41
84
31 54
59
75 97
22
88 36
71
65 52
59
68 57
84
67 98
77
26 60
44
58 49
29
77 62
64
42 41
22
80 67
19
0 44
52
19 57
59
93 6
2
51 9
7
35 1
23
86 3
38
53 55
1
72 68
60
56 60
80
5 14
59
46 52
69
65 65
46
49 57
6
68 70
30
81 9
32
39 12
34
42 54
67
0 57
16
74 6
39
19 70
71
60 71
94
32 9
81
51 22
95
16 1
81
35 14
40
34 55
30
37 60
54
56 73
65
28 11
62
69 12
22
14 76
40
46 65
34
30 20
13
49 70
11
62 9
20
7 73
64
81 22
11
20 12
47
39 25
55
4 4
83
23 17
60
96 7
7
60 84
59
25 63
49
13 9
91
99 12
73
16 14
8
57 15
93
2 79
12
34 68
54
92 9
17
37 73
6
97 87
1
69 25
19
55 90
93
8 15
11
27 28
44
11 20
66
30 33
58
90 84
79
48 87
39
20 25
46
4 17
93
22 34
52
41 84
27
25 76
30
99 25
26
44 89
91
85 90
5
38 15
48
57 28
10
2 92
16
76 41
24
43 93
77
15 31
70
18 36
54
59 74
82
78 87
25
17 77
21
91 26
83
36 90
85
8 28
88
94 31
70
11 33
35
52 34
56
29 87
82
87 28
43
45 31
64
64 44
37
3 34
5
22 47
95
66 90
16
79 29
27
24 93
75
82 34
93
15 44
65
59 87
29
91 39
73
75 31
10
94 44
50
33 34
92
52 47
98
10 50
54
1 1
34
54 93
21
12 96
4
45 44
23
86 45
43
3 47
60
47 53
84
79 42
14
82 47
62
21 37
44
72 2
34
42 96
26
75 44
41
33 47
63
74 48
34
93 61
77
26 7
11
67 45
31
86 58
64
70 50
68
89 63
61
28 53
68
47 66
78
19 4
57
5 69
82
21 50
67
40 63
36
81 64
97
72 15
27
14 10
35
13 51
66
32 64
54
51 77
53
49 4
96
90 5
11
35 69
85
16 56
88
67 58
6
70 63
73
41 5
73
60 18
95
5 82
87
44 10
100
2 13
15
62 64
89
81 77
49
20 67
52
39 80
48
37 7
37
56 20
49
23 72
52
14 23
63
55 24
79
96 62
14
13 64
31
99 67
71
32 77
62
71 5
56
16 69
87
90 18
38
35 82
19
76 83
19
29 8
29
48 21
3
92 64
29
9 66
85
50 67
50
69 80
98
41 18
28
25 10
100
44 23
72
85 24
48
2 26
78
62 77
81
4 72
93
78 21
71
23 85
98
36 24
60
55 37
75
96 75
47
99 80
4
38 70
3
71 18
4
76 96
55
29 21
70
6 37
77
92 77
97
18 91
20
91 81
7
94 86
5
27 96
82
11 88
20
24 27
32
84 78
59
43 40
84
87 83
1
1 43
15
59 21
64
4 85
78
45 86
43
64 99
56
36 37
8
77 38
51
80 43
25
38 83
60
57 96
68
15 99
75
54 27
61
73 40
45
91 94
5
75 86
97
94 99
91
66 37
16
24 40
92
84 91
78
43 53
71
1 56
12
87 96
51
45 99
77
17 37
56
58 38
88
77 51
48
61 43
21
80 56
13
19 46
11
79 97
64
63 89
98
54 40
22
73 53
31
12 43
68
31 56
18
72 57
6
88 38
99
47 0
19
5 3
76
46 41
46
65 54
68
68 59
13
58 51
88
42 43
86
19 59
79
93 8
78
51 11
21
35 3
47
95 54
63
53 57
16
72 70
54
56 62
10
28 0
40
88 51
47
14 65
88
47 13
4
46 54
34
68 72
82
7 62
56
20 1
13
39 14
38
23 6
93
42 56
17
0 59
53
74 8
20
60 73
60
32 11
38
16 3
90
35 16
100
76 17
29
34 57
60
53 70
71
37 62
39
56 75
34
97 76
48
69 14
35
14 78
84
27 17
81
71 60
57
30 22
59
62 11
73
7 75
28
48 76
4
6 79
97
4 6
67
83 70
50
96 9
9
60 86
23
25 65
4
16 16
100
2 81
83
15 20
81
34 70
57
92 11
5
37 75
81
78 76
45
18 25
3
97 89
5
36 79
82
69 27
91
55 92
26
8 17
59
11 22
75
71 73
34
30 35
3
90 86
50
84 12
23
87 17
75
6 92
95
45 20
49
64 33
45
96 22
83
22 36
3
66 79
70
99 27
62
85 92
77
38 17
97
98 31
4
43 95
27
17 79
84
91 28
89
36 92
73
75 20
52
8 30
30
94 33
13
52 36
9
84 25
64
29 89
90
87 30
46
73 95
21
45 33
53
31 98
63
3 36
80
22 49
57
66 92
25
38 30
16
79 31
91
24 95
91
98 44
59
82 36
70
91 41
20
61 98
91
33 36
20
52 49
100
93 50
27
10 52
16
54 95
80
12 98
49
86 47
70
70 39
28
89 52
1
80 3
72
47 55
52
88 93
8
79 44
90
63 36
86
82 49
49
21 39
33
40 52
6
72 4
55
42 98
88
33 49
61
93 63
19
65 1
19
32 53
59
51 66
82
68 6
14
67 47
58
86 60
34
70 52
79
9 42
81
28 55
94
47 68
9
63 49
19
95 1
69
81 66
56
53 4
81
72 17
39
56 9
54
14 12
53
74 63
83
32 66
1
16 58
36
90 7
50
7 9
20
9 55
92
69 69
54
41 7
94
60 20
17
44 12
76
2 15
99
62 66
42
34 4
37
37 9
68
78 10
39
97 23
66
14 25
56
96 64
90
13 66
20
99 69
26
71 7
47
90 20
58
76 85
33
29 10
52
48 23
84
6 26
93
50 69
24
69 82
100
8 72
70
41 20
68
25 12
85
11 77
2
85 26
74
44 25
62
2 28
96
43 29
82
84 67
4
87 72
47
59 10
37
78 23
57
23 87
9
64 88
83
97 36
17
17 13
83
96 77
59
38 72
53
57 85
37
76 98
81
29 23
47
15 88
56
73 29
63
18 93
90
6 39
28
50 82
14
91 83
31
8 85
32
94 88
9
27 98
76
85 39
58
24 29
40
43 42
43
1 45
85
59 23
66
45 88
32
17 26
43
3 91
58
36 39
43
77 40
78
80 45
87
38 85
26
73 42
66
12 32
75
31 45
21
91 96
23
75 88
77
66 39
90
24 42
38
65 43
17
68 48
70
77 53
56
42 32
59
61 45
21
80 58
67
19 48
14
79 99
33
63 91
41
51 0
78
54 42
83
12 45
96
31 58
11
72 59
48
47 2
21
88 40
86
49 48
70
68 61
60
7 51
38
58 53
85
61 58
8
60 62
99
93 10
53
32 0
67
51 13
61
35 5
89
95 56
66
34 46
71
53 59
79
72 72
18
56 64
94
28 2
99
69 3
80
88 53
93
14 67
65
46 56
60
49 61
23
90 62
55
62 0
45
7 64
38
81 13
58
26 77
26
20 3
86
23 8
17
83 59
40
0 61
59
41 62
70
60 75
48
13 0
90
99 3
12
32 13
20
44 67
78
16 5
8
35 18
16
2 70
43
76 19
48
53 72
49
37 64
62
56 77
85
97 78
8
50 3
83
69 16
8
14 80
59
55 81
69
8 6
72
11 11
5
30 24
55
71 62
89
62 13
54
48 78
17
20 16
57
6 81
50
4 8
23
64 22
38
83 72
58
96 11
77
25 67
30
99 16
51
44 80
15
85 81
62
38 6
64
2 83
60
76 32
52
59 65
40
18 27
90
97 91
45
50 16
82
36 81
99
55 94
86
8 19
44
94 22
39
27 32
52
11 24
34
30 37
86
71 75
93
84 14
72
48 91
67
87 19
43
6 94
61
4 21
47
45 22
70
64 35
3
22 38
1
25 80
25
66 81
23
85 94
39
38 19
15
24 84
64
98 33
39
43 97
30
59 78
68
18 40
73
78 91
95
17 81
16
91 30
39
77 95
24
75 22
97
94 35
55
10 41
8
84 27
6
54 84
67
87 32
51
73 97
32
45 35
88
86 36
46
3 38
94
89 41
78
66 94
48
24 97
91
98 46
30
63 25
89
82 38
16
40 41
18
58 95
76
75 35
46
33 38
3
52 51
57
10 54
75
54 97
19
67 36
47
86 49
1
47 57
28
79 46
90
63 38
86
82 51
35
72 6
42
14 1
40
74 52
48
93 65
78
32 55
42
51 68
51
68 8
47
35 60
71
26 11
76
67 49
13
70 54
25
9 44
37
28 57
39
60 9
21
5 73
63
21 54
32
62 55
41
39 71
100
56 11
9
97 12
16
14 14
50
74 65
2
13 55
66
32 68
49
51 81
64
16 60
36
90 9
1
35 73
9
7 11
77
48 12
57
92 55
65
50 58
64
83 6
56
69 71
76
41 9
58
27 74
9
25 1
37
2 17
4
34 6
7
39 84
43
4 63
92
78 12
73
23 76
82
97 25
88
37 11
50
36 15
90
96 66
87
55 28
85
13 68
82
99 71
22
71 9
60
90 22
20
57 74
22
76 87
80
48 25
75
6 28
39
50 71
94
69 84
7
8 74
29
27 87
63
25 14
88
66 15
80
11 79
70
85 28
56
30 92
13
2 30
40
43 31
28
84 69
14
87 74
10
59 12
43
4 76
29
78 25
18
23 89
34
64 90
53
17 15
24
36 28
88
55 41
91
96 79
83
38 74
49
57 87
78
29 25
34
15 90
96
73 31
88
18 95
23
31 34
5
8 87
30
11 92
1
85 41
52
52 93
66
84 82
89
87 87
99
1 47
60
59 25
16
17 28
25
58 29
71
77 42
15
61 34
39
80 47
13
38 87
42
79 88
11
82 93
34
54 31
11
73 44
4
12 34
60
91 98
93
75 90
12
88 29
14
33 93
10
24 44
6
65 45
86
68 50
80
26 53
29
58 42
17
77 55
65
42 34
100
61 47
33
80 60
54
0 37
67
63 93
25
51 2
53
21 96
26
12 47
69
72 61
13
56 53
1
88 42
30
5 7
80
65 58
22
49 50
44
68 63
21
7 53
19
81 2
41
26 66
23
39 5
63
42 47
23
0 50
51
60 64
31
32 2
26
51 15
14
35 7
70
34 48
4
53 61
40
37 53
91
56 66
24
28 4
33
69 5
86
46 58
14
90 64
70
7 66
2
48 67
65
81 15
51
39 18
21
83 61
85
96 0
44
25 56
90
99 5
79
44 69
78
16 7
5
57 8
66
76 21
9
34 61
32
37 66
50
78 67
10
97 80
59
50 5
46
14 82
79
11 13
30
90 77
16
84 3
48
29 67
23
87 8
16
6 83
26
4 10
79
64 24
30
96 13
68
25 69
39
99 18
57
44 82
84
85 83
40
38 8
40
57 21
48
2 85
72
43 86
49
76 34
5
15 24
27
59 67
77
18 29
48
78 80
18
17 70
39
91 19
48
36 83
40
50 18
30
55 96
75
8 21
75
94 24
25
11 26
29
71 77
96
84 16
64
87 21
5
73 86
43
45 24
14
64 37
86
3 27
75
22 40
23
66 83
82
38 21
26
79 22
30
24 86
42
82 27
6
15 37
23
59 80
16
91 32
36
36 96
62
77 97
23
75 24
99
33 27
69
54 86
60
73 99
66
12 89
25
86 38
79
45 37
5
3 40
59
89 43
88
66 96
58
24 99
27
98 48
58
63 27
79
82 40
24
40 43
7
58 97
43
75 37
100
42 89
82
33 40
69
93 54
48
10 56
72
51 57
37
54 99
30
26 0
43
86 51
67
70 43
8
89 56
54
88 97
61
47 59
48
5 62
95
63 40
8
21 43
91
81 57
38
72 8
59
56 0
9
14 3
29
74 54
89
93 67
6
32 57
66
51 70
81
35 62
4
7 0
99
26 13
54
70 56
7
28 59
25
60 11
62
44 3
7
2 6
10
81 70
9
53 8
96
37 0
14
23 65
59
97 14
67
56 13
54
14 16
60
55 17
69
13 57
64
32 70
66
16 62
7
90 11
63
76 76
33
29 1
67
48 14
30
6 17
44
92 57
48
9 59
32
83 8
51
50 60
53
69 73
20
27 76
42
25 3
13
44 16
79
30 81
84
2 19
55
62 70
79
20 73
57
39 86
98
59 1
1
4 65
34
78 14
67
97 27
37
36 17
7
96 68
100
55 30
48
99 73
82
71 11
69
16 75
93
57 76
59
76 89
26
29 14
96
48 27
22
15 79
23
6 30
15
18 84
76
92 70
34
50 73
21
69 86
78
8 76
61
27 89
29
25 16
34
11 81
50
30 94
41
43 33
47
84 71
30
87 76
46
1 36
92
59 14
50
17 17
41
36 30
44
77 31
45
38 76
95
57 89
93
98 90
53
54 20
95
18 97
70
31 36
63
91 87
44
75 79
31
8 89
83
94 92
84
52 95
56
24 33
12
10 98
37
84 84
14
43 46
58
87 89
90
58 31
99
77 44
48
61 36
26
80 49
61
19 39
65
82 95
41
54 33
40
73 46
11
12 36
56
31 49
28
72 50
79
88 31
1
33 95
16
46 34
66
65 47
18
49 39
11
68 52
98
26 55
49
67 93
16
70 98
99
42 36
29
61 49
91
0 39
47
19 52
72
93 1
59
63 95
72
51 4
4
21 98
39
95 47
25
56 55
9
14 58
34
88 44
46
5 9
8
65 60
88
49 52
62
81 4
7
39 7
97
42 49
77
83 50
73
0 52
16
41 53
68
74 1
62
60 66
65
44 58
18
32 4
83
35 9
13
34 50
68
53 63
31
37 55
54
97 69
96
27 10
87
71 53
70
90 66
65
62 4
7
48 69
81
20 7
62
6 72
58
83 63
39
41 66
97
60 79
63
13 4
27
25 58
84
44 71
94
99 7
3
57 10
24
76 23
9
34 63
96
92 4
80
37 68
65
50 7
62
36 72
24
69 20
30
55 85
73
27 23
64
11 15
7
30 28
20
90 79
98
84 5
5
29 69
54
87 10
94
6 85
19
4 12
43
64 26
68
22 29
39
25 71
28
99 20
46
38 10
30
18 31
92
78 82
78
17 72
45
91 21
46
36 85
76
55 98
30
75 13
74
8 23
38
94 26
77
52 29
21
84 18
74
29 82
10
87 23
22
73 88
89
45 26
46
31 91
90
3 29
45
22 42
5
66 85
67
85 98
80
79 24
89
24 88
73
98 37
10
82 29
65
15 39
79
59 82
53
18 44
98
17 85
11
58 86
22
91 34
98
77 99
53
75 26
17
61 91
56
33 29
68
52 42
57
54 88
90
67 27
90
12 91
50
86 40
76
3 42
100
89 45
18
88 86
66
79 37
62
63 29
75
82 42
87
40 45
38
58 99
55
42 91
58
0 94
74
74 43
83
93 56
17
10 58
16
51 59
2
67 40
17
26 2
87
86 53
42
70 45
73
47 61
50
88 99
98
60 0
95
5 64
8
63 42
99
21 45
57
40 58
53
81 59
55
72 10
73
39 62
88
56 2
39
14 5
14
74 56
62
13 46
15
32 59
94
51 72
49
90 0
33
35 64
42
7 2
32
48 3
17
92 46
82
9 48
25
28 61
88
41 0
63
60 13
23
5 77
42
2 8
39
62 59
49
81 72
25
20 62
45
39 75
46
37 2
40
78 3
74
23 67
56
97 16
92
14 18
95
55 19
100
13 59
100
99 62
47
32 72
47
71 0
38
90 13
98
35 77
75
76 78
35
48 16
82
6 19
20
92 59
61
69 75
19
8 65
29
25 5
93
11 70
33
85 19
74
30 83
19
44 18
74
43 22
77
59 3
89
4 67
87
78 16
71
23 80
30
64 81
38
97 29
29
17 6
40
36 19
34
55 32
51
99 75
77
38 65
100
57 78
71
76 91
61
29 16
25
15 81
58
18 86
11
50 75
96
91 76
92
8 78
26
94 81
71
66 19
1
11 83
65
30 96
71
24 22
76
43 35
80
84 73
72
87 78
7
1 38
56
45 81
76
64 94
51
17 19
48
36 32
64
77 33
98
3 84
17
22 97
21
80 38
89
38 78
69
57 91
66
98 92
22
54 22
24
73 35
38
18 99
79
12 25
93
33 84
13
24 35
78
65 36
45
68 41
58
1 51
32
87 91
9
45 94
19
86 95
66
58 33
45
77 46
71
61 38
75
80 51
67
19 41
59
79 92
48
63 84
42
54 35
10
12 38
11
31 51
38
72 52
14
75 94
99
88 33
30
33 97
93
46 36
68
65 49
68
49 41
77
7 44
11
67 95
89
26 57
36
58 46
41
42 38
11
0 41
89
60 55
1
93 3
16
63 97
89
51 6
3
95 49
87
34 39
31
56 57
50
5 11
71
46 49
7
49 54
74
90 55
7
7 57
2
81 6
80
26 70
76
39 9
49
23 1
38
83 52
11
0 54
34
41 55
69
60 68
98
2 63
23
35 11
96
76 12
33
34 52
39
53 65
84
37 57
99
97 71
94
69 9
20
14 73
26
55 74
47
27 12
66
71 55
84
30 17
85
90 68
84
62 6
64
48 71
46
20 9
57
6 74
89
4 1
25
23 14
72
96 4
37
41 68
5
99 9
33
44 73
100
85 74
30
2 76
55
76 25
24
18 20
66
92 6
13
78 71
75
97 84
10
50 9
7
91 10
47
36 74
79
55 87
24
8 12
38
27 25
16
11 17
63
71 68
85
84 7
54
29 71
23
48 84
30
87 12
62
6 87
41
45 15
57
22 31
29
66 74
69
85 87
71
38 12
68
24 77
69
98 26
70
43 90
5
57 25
19
1 93
22
18 33
81
59 71
93
17 74
27
91 23
17
77 88
9
75 15
62
94 28
17
11 30
17
52 31
76
84 20
45
10 34
69
87 25
72
54 77
91
45 28
84
64 41
58
31 93
57
3 31
56
22 44
43
66 87
39
79 26
22
24 90
78
98 39
39
82 31
10
17 87
53
58 88
38
75 28
39
61 93
100
93 45
44
10 47
41
54 90
37
67 29
6
12 93
63
3 44
20
89 47
79
47 50
80
88 88
18
46 91
30
79 39
82
63 31
97
49 96
29
82 44
45
21 34
22
40 47
24
42 93
44
0 96
47
33 44
30
93 58
86
51 61
48
35 53
41
68 1
37
67 42
32
26 4
57
89 60
81
9 37
32
28 50
17
47 63
81
60 2
38
62 48
64
81 61
23
39 64
95
14 7
62
74 58
51
13 48
5
32 61
80
51 74
85
16 53
49
90 2
94
35 66
10
7 4
6
48 5
74
6 8
57
9 50
39
69 64
5
41 2
32
60 15
79
44 7
94
30 72
26
2 10
90
62 61
36
81 74
57
20 64
87
39 77
38
37 4
99
78 5
51
23 69
57
97 18
56
36 8
50
55 21
86
96 59
66
13 61
43
99 64
24
16 66
19
90 15
39
57 67
76
29 5
18
48 18
76
50 64
75
69 77
12
8 67
26
27 80
47
25 7
2
66 8
60
11 72
52
85 21
51
30 85
59
2 23
42
84 62
1
20 77
44
4 69
66
64 83
53
17 8
90
36 21
23
96 72
78
22 86
84
55 34
18
99 77
71
38 67
85
57 80
98
76 93
1
73 24
78
31 27
28
50 77
43
91 78
50
8 80
20
94 83
95
66 21
36
11 85
25
52 86
2
24 24
94
43 37
30
84 75
28
1 40
71
59 18
25
45 83
51
64 96
39
17 21
11
3 86
34
77 35
31
61 27
43
79 81
76
98 94
8
82 86
6
15 96
96
54 24
22
73 37
69
12 27
83
31 40
68
91 91
66
75 83
8
88 22
17
33 86
54
52 99
80
24 37
62
65 38
38
45 96
97
58 35
51
3 99
6
77 48
55
61 40
17
80 53
19
0 30
30
19 43
19
79 94
17
63 86
95
21 89
5
54 37
82
12 40
16
53 41
96
56 46
66
75 96
41
88 35
54
33 99
88
5 0
95
46 38
83
65 51
77
49 43
39
68 56
36
7 46
57
67 97
77
26 59
75
42 40
3
0 43
62
19 56
38
60 57
19
63 99
3
35 0
89
95 51
27
34 41
19
72 67
62
56 59
5
14 62
84
46 51
90
5 13
51
49 56
18
90 57
65
7 59
99
81 8
100
39 11
36
23 3
41
83 54
15
44 62
56
16 0
46
35 13
23
76 14
85
78 60
39
97 73
12
69 11
59
14 75
56
55 76
90
8 1
8
27 14
31
30 19
8
71 57
82
90 70
84
29 60
40
48 73
29
20 11
41
6 76
71
23 16
4
64 17
35
41 70
15
25 62
86
99 11
55
44 75
65
85 76
75
57 14
58
2 78
2
76 27
33
18 22
91
97 86
19
50 11
66
91 12
52
36 76
68
55 89
80
94 17
69
27 27
64
11 19
34
30 32
74
84 9
65
29 73
23
87 14
42
73 79
64
6 89
40
45 17
13
64 30
100
3 20
8
22 33
74
38 14
43
24 79
75
57 27
49
43 92
82
15 30
20
59 73
49
17 76
54
91 25
18
36 89
34
77 90
16
75 17
69
94 30
6
80 95
71
33 20
29
52 33
83
10 36
22
73 92
4
86 31
95
31 95
59
89 36
84
22 46
77
66 89
21
79 28
55
24 92
72
98 41
49
63 20
99
82 33
80
58 90
36
42 82
3
75 30
64
61 95
23
33 33
23
93 47
83
10 49
4
51 50
82
54 92
5
95 93
83
67 31
47
12 95
73
86 44
70
28 39
70
47 52
52
88 90
3
46 93
8
49 98
55
82 46
65
21 36
60
40 49
77
81 50
55
42 95
19
74 47
69
93 60
86
67 44
67
26 6
28
70 49
57
9 39
96
28 52
8
60 4
3
5 68
54
81 63
78
20 53
8
23 58
50
56 6
4
74 60
67
90 4
49
35 68
90
76 69
25
48 7
98
6 10
80
92 50
68
9 52
11
83 1
83
27 69
9
44 9
70
85 10
31
30 74
34
62 63
32
20 66
54
39 79
96
4 58
7
78 7
89
23 71
33
97 20
63
36 10
100
96 61
30
55 23
30
99 66
2
71 4
35
16 68
11
57 69
51
29 7
47
48 20
6
18 77
27
6 23
68
50 66
88
69 79
21
8 69
20
27 82
64
25 9
52
66 10
66
11 74
79
85 23
14
30 87
27
24 13
75
43 26
17
84 64
72
1 29
99
87 69
66
59 7
11
4 71
40
78 20
87
64 85
100
17 10
17
36 23
27
77 24
36
22 88
22
96 74
13
99 79
25
38 69
70
57 82
5
15 85
100
54 13
88
73 26
95
18 90
37
91 80
70
75 72
19
8 82
23
94 85
39
66 23
95
11 87
11
52 88
68
24 26
67
84 77
14
87 82
69
1 42
21
64 98
43
3 88
54
77 37
7
79 83
40
98 96
62
54 26
30
40 91
12
12 29
73
31 42
40
72 43
76
91 93
71
75 85
89
94 98
50
33 88
24
46 27
40
65 40
63
26 48
15
70 91
53
42 29
7
61 42
68
0 32
57
19 45
67
79 96
82
53 43
6
72 56
5
56 48
28
88 37
58
46 40
59
5 2
3
65 53
91
7 48
10
67 99
93
26 61
78
42 42
10
83 43
79
9 94
54
51 10
70
34 43
18
53 56
34
37 48
72
56 61
4
97 62
22
69 0
43
27 3
21
71 46
11
30 8
27
7 61
83
48 62
9
81 10
15
20 0
26
39 13
81
83 56
89
41 59
49
60 72
16
25 51
99
44 64
42
16 2
26
57 3
6
2 67
44
76 16
45
34 56
23
37 61
81
78 62
94
97 75
59
50 0
69
14 77
62
55 78
47
8 3
61
11 8
68
30 21
41
71 59
34
90 72
75
29 62
88
48 75
7
87 3
66
20 13
38
6 78
58
23 18
96
64 19
25
96 8
28
22 22
86
99 13
53
38 3
93
2 80
59
76 29
34
43 81
48
15 19
92
59 62
86
78 75
96
91 14
5
36 78
90
8 16
9
11 21
81
52 22
50
84 11
86
29 75
20
87 16
67
73 81
40
6 91
79
64 32
78
3 22
55
22 35
33
66 78
84
85 91
13
38 16
71
79 17
19
24 81
81
43 94
6
82 22
18
1 97
8
59 75
36
18 37
4
17 78
65
91 27
100
77 92
48
75 19
58
94 32
32
80 97
50
33 22
86
52 35
2
10 38
7
54 81
83
73 94
13
45 32
17
86 33
59
31 97
67
12 84
84
3 35
51
89 38
80
47 41
59
79 30
7
24 94
91
65 95
61
63 22
59
40 38
50
42 84
86
75 32
22
61 97
79
74 36
6
93 49
55
10 51
100
54 94
23
95 95
17
12 97
43
86 46
18
89 51
25
28 41
77
47 54
45
88 92
67
5 57
8
46 95
88
21 38
63
40 51
91
39 55
23
93 62
42
13 39
46
32 52
20
51 65
43
16 44
4
35 57
34
67 46
19
70 51
17
9 41
7
28 54
63
60 6
60
5 70
64
2 1
23
62 52
46
39 68
14
97 9
100
14 11
66
55 12
22
13 52
5
16 57
93
90 6
72
35 70
11
48 9
99
6 12
49
9 54
81
8 58
99
41 6
44
27 71
2
11 63
84
44 11
38
85 12
4
30 76
86
2 14
51
43 15
53
62 65
2
20 68
11
4 60
6
78 9
19
23 73
96
55 25
71
96 63
61
38 58
96
71 6
52
29 9
91
15 74
73
92 65
54
18 79
89
50 68
22
91 69
74
8 71
3
94 74
61
27 84
56
66 12
42
85 25
80
30 89
30
24 15
33
84 66
83
43 28
86
87 71
54
1 31
53
59 9
53
45 74
85
64 87
64
36 25
13
3 77
59
77 26
54
80 31
87
38 71
97
57 84
81
15 87
14
54 15
8
73 28
20
31 31
60
91 82
49
75 74
13
94 87
70
33 77
91
66 25
58
84 79
11
10 93
65
1 44
86
87 84
80
86 88
14
58 26
23
77 39
71
89 93
64
42 18
23
61 31
70
80 44
70
79 85
40
98 98
91
63 77
75
82 90
95
54 28
39
95 29
31
12 31
64
31 44
10
33 90
45
46 29
32
49 34
88
68 47
20
67 88
78
58 39
57
70 93
71
42 31
49
28 96
16
61 44
8
0 34
68
19 47
40
63 90
29
21 93
87
95 42
3
34 32
70
53 45
68
72 58
13
37 37
4
56 50
10
14 53
100
47 1
55
88 39
91
49 47
99
7 50
42
26 63
17
39 2
97
83 45
84
41 48
99
60 61
6
44 53
50
35 4
44
76 5
30
34 45
18
53 58
6
37 50
78
56 63
55
97 64
29
69 2
66
14 66
28
27 5
9
30 10
57
71 48
87
90 61
76
48 64
42
20 2
68
39 15
82
6 67
7
23 7
68
83 58
30
41 61
76
99 2
44
44 66
55
16 4
43
57 5
28
2 69
77
76 18
57
18 13
64
59 51
89
78 64
46
97 77
73
36 67
1
69 15
48
55 80
46
27 18
51
71 61
35
30 23
76
84 0
34
29 64
59
48 77
15
87 5
11
6 80
22
4 7
64
45 8
88
22 24
2
25 66
93
38 5
29
57 18
80
2 82
90
43 83
56
78 77
97
17 67
80
55 93
2
75 8
96
8 18
28
94 21
51
11 23
75
52 24
45
10 27
86
87 18
91
64 34
15
31 86
97
22 37
9
66 80
40
38 18
55
24 83
40
98 32
27
1 99
59
40 27
85
17 80
22
58 81
95
77 94
42
75 21
71
61 86
72
94 34
75
80 99
56
33 24
91
52 37
70
93 38
20
10 40
37
54 83
74
73 96
72
67 22
45
86 35
8
31 99
48
70 27
15
3 37
88
89 40
42
88 81
100
79 32
21
24 96
75
5 46
63
0 89
89
74 38
67
93 51
84
32 41
24
51 54
57
35 46
19
95 97
82
67 35
95
12 99
31
86 48
11
70 40
37
89 53
89
88 94
91
5 59
45
46 97
100
63 37
20
21 40
94
62 41
68
42 99
67
74 51
63
13 41
46
32 54
16
51 67
62
35 59
17
9 43
13
28 56
21
69 57
11
27 60
42
60 8
96
44 0
29
30 65
44
2 3
75
62 54
70
81 67
11
20 57
84
39 70
58
4 49
65
23 62
12
97 11
88
96 52
22
16 59
94
90 8
76
76 73
67
48 11
92
92 54
77
50 57
81
8 60
32
27 73
34
25 0
45
11 65
72
85 14
77
30 78
40
43 17
56
87 60
12
4 62
99
78 11
33
23 75
17
64 76
21
55 27
90
96 65
18
99 70
21
76 86
100
29 11
93
15 76
68
73 17
21
18 81
20
50 70
31
91 71
33
94 76
36
66 14
19
11 78
51
85 27
46
24 17
37
84 68
54
1 33
82
87 73
35
59 11
79
45 76
48
58 15
28
22 92
28
61 20
17
80 33
31
38 73
93
98 87
50
82 79
63
15 89
8
73 30
11
18 94
79
31 33
28
91 84
3
75 76
53
94 89
88
88 15
31
33 79
83
52 92
21
24 30
28
65 31
14
10 95
61
68 36
86
1 46
52
86 90
14
3 92
60
77 41
90
42 20
95
61 33
11
47 98
96
19 36
69
79 87
51
63 79
55
54 30
7
95 31
63
40 95
20
12 33
12
74 93
16
65 44
76
68 49
47
7 39
32
26 52
84
67 90
91
70 95
61
42 33
45
83 34
89
28 98
91
60 50
7
63 92
39
95 44
66
34 34
88
53 47
42
72 60
82
37 39
26
14 55
47
13 96
67
49 49
91
90 50
13
7 52
22
81 1
39
39 4
90
83 47
39
41 50
66
60 63
77
44 55
6
32 1
52
2 58
90
76 7
21
35 6
40
34 47
47
56 65
49
97 66
54
14 68
75
55 69
83
27 7
93
71 50
89
30 12
23
90 63
55
29 53
99
62 1
31
20 4
1
6 69
72
23 9
64
64 10
80
25 55
75
44 68
58
85 69
78
57 7
95
2 71
79
76 20
54
15 10
2
59 53
99
92 1
13
18 15
74
78 66
64
97 79
10
50 4
62
36 69
99
55 82
46
8 7
22
94 10
35
11 12
99
71 63
31
84 2
6
29 66
11
87 7
50
4 9
6
3 13
60
22 26
2
66 69
83
85 82
48
38 7
82
24 72
26
57 20
73
43 85
24
1 88
18
59 66
4
18 28
75
17 69
92
91 18
76
36 82
26
77 83
46
75 10
65
94 23
33
80 88
92
33 13
5
52 26
83
10 29
6
84 15
33
45 23
71
86 24
9
31 88
12
89 29
15
22 39
26
66 82
71
79 21
21
24 85
18
43 98
39
63 13
97
82 26
60
40 29
5
17 82
8
58 83
23
77 96
35
75 23
21
61 88
100
52 39
18
73 98
11
67 24
71
89 42
62
88 83
27
46 86
55
79 34
23
65 99
58
63 26
75
82 39
90
49 91
46
21 29
53
40 42
45
81 43
53
42 88
35
0 91
27
93 53
69
32 43
28
51 56
35
35 48
19
95 99
9
67 37
91
70 42
71
9 32
35
28 45
100
47 58
38
88 96
86
46 99
11
21 42
24
62 43
100
20 46
64
39 59
31
23 51
13
14 2
13
74 53
16
13 43
71
32 56
23
76 62
84
48 0
57
92 43
82
6 3
51
9 45
44
50 46
67
69 59
96
27 62
28
44 2
66
85 3
69
30 67
71
2 5
68
20 59
54
39 72
85
4 51
19
78 0
52
97 13
8
36 3
28
96 54
20
55 16
43
13 56
73
99 59
99
16 61
76
57 62
45
29 0
87
15 65
92
48 13
66
92 56
66
18 70
86
6 16
34
50 59
26
27 75
98
66 3
59
11 67
4
85 16
20
30 80
99
2 18
49
84 57
95
43 19
24
1 22
24
87 62
43
59 0
83
4 64
58
45 65
35
78 13
91
64 78
78
36 16
45
96 67
35
99 72
68
98 76
70
15 78
64
54 6
32
18 83
83
31 22
8
75 65
34
8 75
73
94 78
72
66 16
41
52 81
32
24 19
8
84 70
91
43 32
40
87 75
96
1 35
40
45 78
51
64 91
34
17 16
97
58 17
49
22 94
78
61 22
100
79 76
4
98 89
27
82 81
100
54 19
96
40 84
41
73 32
40
94 91
54
88 17
95
33 81
1
52 94
7
67 79
20
26 41
21
86 92
68
58 30
72
70 84
76
3 94
9
61 35
5
0 25
57
19 38
84
79 89
60
63 81
90
82 94
29
21 84
80
95 33
2
12 35
19
53 36
67
72 49
62
88 30
86
33 94
18
46 33
77
65 46
79
32 98
68
49 38
91
7 41
25
67 92
27
26 54
31
70 97
20
9 87
56
83 36
6
42 35
35
19 51
13
63 94
18
21 97
4
62 98
91
34 36
25
53 49
51
72 62
96
37 41
16
56 54
91
14 57
82
13 98
68
30 1
31
90 52
59
7 54
56
92 98
97
41 52
81
76 9
8
34 49
72
37 54
71
78 55
51
97 68
55
69 6
21
14 70
72
27 9
14
11 1
25
30 14
83
90 65
58
29 55
6
48 68
76
20 6
87
23 11
82
64 12
47
22 15
7
41 65
44
25 57
19
99 6
34
44 70
52
2 73
33
43 74
4
76 22
23
15 12
33
59 55
65
97 81
49
17 58
36
50 6
83
36 71
16
91 7
87
55 84
78
94 12
45
84 4
2
87 9
68
73 74
42
45 12
30
64 25
79
22 28
85
66 71
72
85 84
88
38 9
34
79 10
43
24 74
71
98 23
57
82 15
71
15 25
98
1 90
36
18 30
24
59 68
37
17 71
61
91 20
17
36 84
63
77 85
60
75 12
80
94 25
38
80 90
23
33 15
15
52 28
28
10 31
31
54 74
62
45 25
83
12 77
40
31 90
13
89 31
49
47 34
7
79 23
25
24 87
43
98 36
23
65 88
36
63 15
12
82 28
39
68 93
74
21 18
83
40 31
91
42 77
15
75 25
47
61 90
57
33 28
35
74 29
53
19 93
95
93 42
72
10 44
33
51 45
8
54 87
56
95 88
55
67 26
92
70 31
28
89 44
55
28 34
96
88 85
88
46 88
41
5 50
99
63 28
50
21 31
69
7 96
13
81 45
18
40 44
56
39 48
72
42 90
30
0 93
8
74 42
100
93 55
54
13 32
51
32 45
19
16 37
29
35 50
42
67 39
90
34 91
52
26 1
18
70 44
95
37 96
6
9 34
87
28 47
85
88 98
2
5 63
3
62 45
91
81 58
10
20 48
10
97 2
74
96 43
45
13 45
57
32 58
19
16 50
56
35 63
87
6 5
88
9 47
83
50 48
74
27 64
88
44 4
60
11 56
6
85 5
5
2 7
46
62 58
53
20 61
11
4 53
83
78 2
56
64 67
80
36 5
32
55 18
92
96 56
25
38 51
57
15 67
64
6 18
29
50 61
41
91 62
19
8 64
82
94 67
1
66 5
94
85 18
91
30 82
47
24 8
96
1 24
16
59 2
87
45 67
25
64 80
79
17 5
95
3 70
93
77 19
90
22 83
68
36 18
83
80 24
62
38 64
4
57 77
59
73 21
84
18 85
47
91 75
36
75 67
16
94 80
43
33 70
47
66 18
82
52 83
88
24 21
11
84 72
47
10 86
5
43 34
52
1 37
16
58 19
17
3 83
96
89 86
19
22 96
75
61 24
51
19 27
40
79 78
12
98 91
11
63 70
67
82 83
83
12 24
78
72 38
33
75 80
52
88 19
1
52 96
6
93 97
46
46 22
15
65 35
19
10 99
42
68 40
17
26 43
72
67 81
46
86 94
2
70 86
56
58 32
71
89 99
90
42 24
26
61 37
28
0 27
60
19 40
75
79 91
75
40 99
36
12 37
60
53 38
87
72 51
11
14 46
2
88 32
79
74 97
23
46 35
41
49 40
49
70 99
4
9 89
71
83 38
32
0 40
70
41 41
7
60 54
53
44 46
95
21 99
90
34 38
81
53 51
31
97 57
12
71 41
30
90 54
21
48 57
45
39 8
43
6 60
17
23 0
97
83 51
50
41 54
72
15 1
67
34 51
56
18 6
51
37 56
39
97 70
28
69 8
94
27 11
61
11 3
42
71 54
4
90 67
79
6 73
84
4 0
14
45 1
38
96 3
71
22 17
48
25 59
91
66 60
71
85 73
36
98 12
24
43 76
99
15 14
76
1 79
46
59 57
52
78 70
97
17 60
100
91 9
74
36 73
90
75 1
67
94 14
85
52 17
54
10 20
45
84 6
65
87 11
67
73 76
96
45 14
61
31 79
27
64 27
35
22 30
13
24 76
42
43 89
37
1 92
36
40 20
84
59 70
36
91 22
32
58 74
32
77 87
55
75 14
37
61 79
90
80 92
24
33 17
90
93 31
40
54 76
59
73 89
18
31 92
19
70 20
65
3 30
33
88 74
24
47 36
58
79 25
87
24 89
12
65 90
75
63 17
98
82 30
92
68 95
80
40 33
8
26 98
38
42 79
27
33 30
19
74 31
6
19 95
50
93 44
50
32 34
100
51 47
9
35 39
2
95 90
43
86 41
39
53 93
19
70 33
94
56 98
32
89 46
74
9 23
16
28 36
27
88 87
13
46 90
2
63 30
56
21 33
89
62 34
50
7 98
66
81 47
26
42 92
30
83 93
14
0 95
99
74 44
98
32 47
14
16 39
51
35 52
97
34 93
98
92 34
57
37 98
55
9 36
11
28 49
16
69 50
62
60 1
42
81 60
88
20 50
98
39 63
93
23 55
90
97 4
80
14 6
4
55 7
81
13 47
62
99 50
58
57 53
12
90 1
49
76 66
38
48 4
37
69 63
15
27 66
73
44 6
67
85 7
21
30 71
39
11 58
54
2 9
8
84 48
68
43 10
52
87 53
46
20 63
75
4 55
5
64 69
50
36 7
31
55 20
6
99 63
6
57 66
46
18 74
57
6 20
83
50 63
73
8 66
87
94 69
18
66 7
76
11 71
76
85 20
85
43 23
40
84 61
5
87 66
1
59 4
90
45 69
19
64 82
94
3 72
94
77 21
30
22 85
3
36 20
12
38 66
89
79 67
24
98 80
82
54 10
46
18 87
58
12 13
30
31 26
31
91 77
85
75 69
53
94 82
4
33 72
70
52 85
14
68 29
43
1 39
50
86 83
100
77 34
58
42 13
80
61 26
57
80 39
20
19 29
88
79 80
53
98 93
64
63 72
41
82 85
96
54 23
58
95 24
11
40 88
52
31 39
67
72 40
22
75 82
29
88 21
10
33 85
48
74 86
84
93 99
2
65 37
70
49 29
54
7 32
65
67 83
14
26 45
83
86 96
32
28 91
28
61 39
16
0 29
46
63 85
46
21 88
87
95 37
55
53 40
74
72 53
1
37 32
37
56 45
77
14 48
94
74 99
59
46 37
74
90 43
93
26 58
81
67 96
20
9 91
84
83 40
11
0 42
88
41 43
72
60 56
34
44 48
87
2 51
23
76 0
47
34 40
98
53 53
5
37 45
29
56 58
49
97 59
6
14 61
28
55 62
48
27 0
5
30 5
96
71 43
96
90 56
66
29 46
67
48 59
43
23 2
13
64 3
9
83 53
7
41 56
63
25 48
36
44 61
43
85 62
55
57 0
87
2 64
3
76 13
68
18 8
65
59 46
54
78 59
43
36 62
36
55 75
14
8 0
91
27 13
95
11 5
45
71 56
16
30 18
37
29 59
37
6 75
82
45 3
7
64 16
48
3 6
36
25 61
34
38 0
8
57 13
39
24 65
51
43 78
49
98 14
66
15 16
98
18 21
62
59 59
84
78 72
8
91 11
9
36 75
9
77 76
95
80 81
12
33 6
56
52 19
90
84 8
70
10 22
66
87 13
62
73 78
85
45 16
9
86 17
10
31 81
89
89 22
50
22 32
11
66 75
44
79 14
38
98 27
49
43 91
2
82 19
49
1 94
96
40 22
80
17 75
46
58 76
99
77 89
5
75 16
43
80 94
73
52 32
95
93 33
2
19 84
94
10 35
73
67 17
29
12 81
44
70 22
19
89 35
83
28 25
69
88 76
89
47 38
22
79 27
20
5 41
64
65 92
98
49 84
95
82 32
87
68 97
85
21 22
89
81 36
61
58 89
75
42 81
14
61 94
46
0 84
43
74 33
62
93 46
54
32 36
28
51 49
69
35 41
46
95 92
10
67 30
21
70 35
97
9 25
23
28 38
80
88 89
28
47 51
86
5 54
97
49 97
45
21 35
70
62 36
99
81 49
78
20 39
68
39 52
18
42 94
12
83 95
43
0 97
68
74 46
77
41 98
27
13 36
12
32 49
25
34 95
58
92 36
99
9 38
91
50 39
95
69 52
33
27 55
83
60 3
23
71 98
20
30 60
41
62 49
26
20 52
69
39 65
59
4 44
10
23 57
11
97 6
2
55 9
87
96 47
18
13 49
61
99 52
81
16 54
56
57 55
45
76 68
79
48 6
49
92 49
75
50 52
80
69 65
79
8 55
83
27 68
2
11 60
64
85 9
44
30 73
19
2 11
2
84 50
7
43 12
75
1 15
92
4 57
51
78 6
39
64 71
82
36 9
4
22 74
48
55 22
72
99 65
16
38 55
93
98 69
17
29 6
4
15 71
64
73 12
78
18 76
44
31 15
70
91 66
21
75 58
49
8 68
58
94 71
87
66 9
60
85 22
78
52 74
36
24 12
57
1 28
53
87 68
16
45 71
13
64 84
94
58 10
14
3 74
86
77 23
6
22 87
85
61 15
67
80 28
56
38 68
3
79 69
87
98 82
87
18 89
22
12 15
74
31 28
1
91 79
79
75 71
73
94 84
28
52 87
92
24 25
91
65 26
61
10 90
32
68 31
60
26 34
27
67 72
67
58 23
67
89 90
33
42 15
96
47 93
15
0 18
53
19 31
87
79 82
48
63 74
20
82 87
6
54 25
1
95 26
96
21 77
33
12 28
16
53 29
33
72 42
97
56 34
32
33 87
55
46 26
54
49 31
28
68 44
16
26 47
83
67 85
52
86 98
89
70 90
7
83 29
20
19 44
58
60 45
82
63 87
13
21 90
1
95 39
2
34 29
32
53 42
16
72 55
77
56 47
19
14 50
12
13 91
8
46 39
93
16 96
55
49 44
95
90 45
90
48 48
21
92 91
47
9 93
76
83 42
9
60 58
18
25 37
87
44 50
39
2 53
65
76 2
76
34 42
81
37 47
32
97 61
52
14 63
76
55 64
35
27 2
37
71 45
71
30 7
76
90 58
53
29 48
73
48 61
65
23 4
35
64 5
28
85 64
67
57 2
32
2 66
49
76 15
84
43 67
45
18 10
77
78 61
23
97 74
60
17 51
8
91 0
41
36 64
65
55 77
87
8 2
99
94 5
17
11 7
12
52 8
17
71 58
52
87 2
100
73 67
91
6 77
79
45 5
12
3 8
65
22 21
50
66 64
89
85 77
65
38 2
39
24 67
29
82 8
41
1 83
49
59 61
96
18 23
100
17 64
77
91 13
20
36 77
100
77 78
14
75 5
20
94 18
4
80 83
38
33 8
50
10 24
3
86 19
89
3 21
27
66 77
40
79 16
27
24 80
99
65 81
29
98 29
93
63 8
36
1 96
32
21 11
17
40 24
98
58 78
57
80 96
49
33 21
83
19 86
35
10 37
31
51 38
99
54 80
73
67 19
39
12 83
12
86 32
80
31 96
46
72 97
83
89 37
25
28 27
3
47 40
39
88 78
66
46 81
38
5 43
55
65 94
86
63 21
47
49 86
69
68 99
16
42 83
79
61 96
6
74 35
59
19 99
20
93 48
51
13 25
60
32 38
23
51 51
58
35 43
78
95 94
83
34 84
17
37 89
28
9 27
84
88 91
72
46 94
59
5 56
44
49 99
41
62 38
2
20 41
92
39 54
69
23 46
43
83 97
29
0 99
82
13 38
9
99 41
96
32 51
99
16 43
88
76 57
88
34 97
83
92 38
63
50 41
63
69 54
25
27 57
87
62 51
18
20 54
48
39 67
12
4 46
50
97 8
90
55 11
97
96 49
5
99 54
92
38 44
3
57 57
72
48 8
54
92 51
98
50 54
89
91 55
70
27 70
69
11 62
77
85 11
1
84 52
5
1 17
17
4 59
71
78 8
3
45 60
16
77 12
31
22 76
34
38 57
53
57 70
10
98 71
93
54 1
10
73 14
22
18 78
29
31 17
36
91 68
88
75 60
39
66 11
75
11 75
38
24 14
64
43 27
65
84 65
54
10 79
50
87 70
97
1 30
43
64 86
36
17 11
49
3 76
11
77 25
70
22 89
51
61 17
55
80 30
24
19 20
7
79 71
73
98 84
9
82 76
88
54 14
79
40 79
65
12 17
93
72 31
69
75 73
37
88 12
27
52 89
100
93 90
65
46 15
87
10 92
35
49 20
82
68 33
86
67 74
83
86 87
64
70 79
21
3 89
86
89 92
11
58 25
41
42 17
94
61 30
10
47 95
26
0 20
68
19 33
67
79 84
62
5 98
24
82 89
51
95 28
17
12 30
54
72 44
73
56 36
19
88 25
31
46 28
44
32 93
69
49 33
36
35 98
29
70 92
22
9 82
28
83 31
25
42 30
1
0 33
53
41 34
78
60 47
68
44 39
22
95 41
80
62 93
73
37 36
57
56 49
21
13 93
12
16 98
25
90 47
37
7 49
64
6 53
80
39 1
96
9 95
17
41 47
98
60 60
8
25 39
7
44 52
98
2 55
77
76 4
2
34 44
18
37 49
85
78 50
16
36 53
33
55 66
6
30 9
91
90 60
37
29 50
34
48 63
38
6 66
1
64 7
66
25 52
60
85 66
98
57 4
49
98 5
21
15 7
8
1 72
61
59 50
31
78 63
93
17 53
78
36 66
93
94 7
18
11 9
23
29 63
11
87 4
24
73 69
53
45 7
2
64 20
77
31 72
37
3 10
26
66 66
84
38 4
45
79 5
58
24 69
35
98 18
88
43 82
26
82 10
73
1 85
23
91 15
88
77 80
66
94 20
42
61 72
47
80 85
75
33 10
81
52 23
95
10 26
42
54 69
18
73 82
19
67 8
26
12 72
96
86 21
33
31 85
27
70 13
26
3 23
68
47 29
34
88 67
27
79 18
30
24 82
39
65 83
6
63 10
57
82 23
89
68 88
81
21 13
10
77 93
41
42 72
27
61 85
38
80 98
85
0 75
60
74 24
87
33 23
82
10 39
84
51 40
90
54 82
91
95 83
12
67 21
4
53 86
68
56 91
65
28 29
16
47 42
42
88 80
28
46 83
69
5 45
4
49 88
48
21 26
36
7 91
33
81 40
20
39 43
70
42 85
20
83 86
2
74 37
6
13 27
30
32 40
21
51 53
92
16 32
59
35 45
93
95 96
99
34 86
84
92 27
20
9 29
19
28 42
55
69 43
95
5 58
42
81 53
53
20 43
7
39 56
19
23 48
54
83 99
48
13 40
33
99 43
54
16 45
44
35 58
26
76 59
91
34 99
19
6 0
86
92 40
85
27 59
95
11 51
13
85 0
88
30 64
21
2 2
65
84 41
5
43 3
51
20 56
43
4 48
35
23 61
33
97 10
99
36 0
56
96 51
75
99 56
90
38 46
95
57 59
21
76 72
80
73 3
46
18 67
60
6 13
96
91 57
38
8 59
69
94 62
48
11 64
3
85 13
80
30 77
45
24 3
46
43 16
92
84 54
55
87 59
74
4 61
43
64 75
95
17 0
5
3 65
32
77 14
26
22 78
13
38 59
55
57 72
11
98 73
3
73 16
7
18 80
33
12 6
98
91 70
10
75 62
21
33 65
9
24 16
69
65 17
76
10 81
76
1 32
63
45 75
29
86 76
16
58 14
82
3 78
52
77 27
49
22 91
69
42 6
22
61 19
28
80 32
34
19 22
89
98 86
96
63 65
21
54 16
73
95 17
72
40 81
92
31 32
34
72 33
54
88 14
12
33 78
60
52 91
91
93 92
22
46 17
41
65 30
60
10 94
14
51 95
32
49 22
45
67 76
3
26 38
6
86 89
9
58 27
60
70 81
63
89 94
24
42 19
5
47 97
26
0 22
70
19 35
33
60 36
48
63 78
77
82 91
4
21 81
74
95 30
16
40 94
48
81 95
81
34 20
39
53 33
41
72 46
100
37 25
75
56 38
14
88 27
87
14 41
84
74 92
45
46 30
44
32 95
44
90 36
34
7 38
78
26 51
10
67 89
9
70 94
35
9 84
65
83 33
40
28 97
13
41 36
44
44 41
49
62 95
26
53 46
83
37 38
47
97 52
30
55 55
77
13 95
20
71 36
30
29 39
93
48 52
37
6 55
1
92 95
39
50 98
79
41 49
56
25 41
30
44 54
6
85 55
27
2 57
82
76 6
36
59 39
42
78 52
54
36 55
88
55 68
46
30 11
74
71 49
63
29 52
57
48 65
54
6 68
75
64 9
54
25 54
70
85 68
27
57 6
72
24 58
77
43 71
31
98 7
65
15 9
82
1 74
36
18 14
12
78 65
97
17 55
50
91 4
26
36 68
26
94 9
76
80 74
77
52 12
68
10 15
51
84 1
87
54 58
70
87 6
76
73 71
86
86 10
92
31 74
27
22 25
45
66 68
24
79 7
82
24 71
55
98 20
58
43 84
22
40 15
68
17 68
34
58 69
30
77 82
37
75 9
58
80 87
68
33 12
73
52 25
81
93 26
33
19 77
50
10 28
34
54 71
43
73 84
3
67 10
44
86 23
42
31 87
54
72 88
62
70 15
61
3 25
8
89 28
6
47 31
37
46 72
43
5 34
33
79 20
6
82 25
62
49 77
26
40 28
39
58 82
51
0 77
64
19 90
22
93 39
61
32 29
51
51 42
27
35 34
99
95 85
64
67 23
45
12 87
35
53 88
96
56 93
66
9 18
5
28 31
60
47 44
19
88 82
13
46 85
10
65 98
15
49 90
96
62 29
62
7 93
1
81 42
80
39 45
89
0 90
17
74 39
6
41 91
60
13 29
19
32 42
9
51 55
33
16 34
8
95 98
90
34 88
31
92 29
52
37 93
100
9 31
70
28 44
9
69 45
45
27 48
88
71 91
12
30 53
52
62 42
16
20 45
48
39 58
79
23 50
65
96 40
55
55 2
16
13 42
49
16 47
43
57 48
65
76 61
55
92 42
62
50 45
83
69 58
82
8 48
74
11 53
92
85 2
85
30 66
63
2 4
76
43 5
70
1 8
34
20 58
19
87 48
65
4 50
85
23 63
99
64 64
46
22 67
84
96 53
36
55 15
69
99 58
37
76 74
14
31 8
63
91 59
63
8 61
49
66 2
47
85 15
66
24 5
7
1 21
56
45 64
98
64 77
83
17 2
61
3 67
32
77 16
82
22 80
45
61 8
46
80 21
26
38 61
22
79 62
65
82 67
84
54 5
79
73 18
29
18 82
2
31 21
84
91 72
81
75 64
50
88 3
3
33 67
28
52 80
1
24 18
6
65 19
26
10 83
11
26 27
69
45 77
41
86 78
66
58 16
67
3 80
29
77 29
54
89 83
18
42 8
86
47 86
95
80 34
99
0 11
47
19 24
56
79 75
92
98 88
73
63 67
73
82 80
21
54 18
93
21 70
54
40 83
8
12 21
74
72 35
76
75 77
55
88 16
41
33 80
50
74 81
13
93 94
91
65 32
43
10 96
16
51 97
30
49 24
91
68 37
16
7 27
86
67 78
75
26 40
46
86 91
62
70 83
64
89 96
11
42 21
89
83 22
59
28 86
89
0 24
97
19 37
75
60 38
33
63 80
86
95 32
58
40 96
32
81 97
33
34 22
45
72 48
85
56 40
60
14 43
39
74 94
43
46 32
27
49 37
42
7 40
76
48 41
39
67 91
71
70 96
45
83 35
65
28 99
40
41 38
74
25 30
63
2 46
83
62 97
20
34 35
72
78 41
37
97 54
47
96 95
13
55 57
93
13 97
81
71 38
64
30 0
25
90 51
64
29 41
23
48 54
91
92 97
73
9 99
6
41 51
2
44 56
90
85 57
4
2 59
42
76 8
30
43 60
13
59 41
19
18 3
10
97 67
22
17 44
69
36 57
64
55 70
51
27 8
87
11 0
56
71 51
88
29 54
57
73 60
64
6 70
59
64 11
90
3 1
2
22 14
96
66 57
62
85 70
93
98 9
38
43 73
6
1 76
46
59 54
94
18 16
7
17 57
60
91 6
14
36 70
43
94 11
8
80 76
77
33 1
5
54 60
36
73 73
55
12 63
54
86 12
4
31 76
9
45 11
51
3 14
51
89 17
8
22 27
44
66 70
88
79 9
20
24 73
73
65 74
35
98 22
3
63 1
73
82 14
83
1 89
65
40 17
19
77 84
5
75 11
61
42 63
29
61 76
21
80 89
73
33 14
83
52 27
55
19 79
49
93 28
39
51 31
28
95 74
75
67 12
56
12 76
80
31 89
87
72 90
75
89 30
10
28 20
16
88 71
61
5 36
22
46 74
19
65 87
97
63 14
94
49 79
29
40 30
65
26 95
44
58 84
24
42 76
18
61 89
13
0 79
97
74 28
69
19 92
49
35 36
84
95 87
69
34 77
1
67 25
13
53 90
92
70 30
33
56 95
78
14 98
26
88 84
35
5 49
15
46 87
76
49 92
87
21 30
92
81 44
8
20 34
100
39 47
21
23 39
7
83 90
99
0 92
6
41 93
25
32 44
72
16 36
13
35 49
26
92 31
53
37 95
68
50 34
49
69 47
99
27 50
32
71 93
60
62 44
72
20 47
81
39 60
45
97 1
81
55 4
79
96 42
54
25 98
50
99 47
83
13 44
43
16 49
96
57 50
90
92 44
36
59 96
53
6 4
73
50 47
75
69 60
49
8 50
27
85 4
60
84 45
63
1 10
43
87 50
47
4 52
14
45 53
27
64 66
58
36 4
87
77 5
12
22 69
79
80 10
36
99 60
49
57 63
71
98 64
3
15 66
83
73 7
64
18 71
65
31 10
94
91 61
66
8 63
83
11 68
65
52 69
65
24 7
8
10 72
76
84 58
35
43 20
54
87 63
72
45 66
36
64 79
90
3 69
98
77 18
35
22 82
44
61 10
79
80 23
25
19 13
63
79 64
73
82 69
21
54 7
31
73 20
42
40 72
16
12 10
21
72 24
88
91 74
61
94 79
82
88 5
55
33 69
76
52 82
26
93 83
91
46 8
77
65 21
2
10 85
94
68 26
33
67 67
87
86 80
56
58 18
38
70 72
8
89 85
22
42 10
71
47 88
71
19 26
39
79 77
69
63 69
40
82 82
50
21 72
16
95 21
27
12 23
44
53 24
27
72 37
31
56 29
61
88 18
53
74 83
58
51 99
10
49 26
40
68 39
7
7 29
66
26 42
69
67 80
74
86 93
79
70 85
15
89 98
5
9 75
68
83 24
72
28 88
55
42 23
45
41 27
33
60 40
32
44 32
21
63 82
34
21 85
82
95 34
36
81 99
58
34 24
29
53 37
90
37 29
45
56 42
93
97 43
39
74 96
90
32 99
57
71 27
61
90 40
69
48 43
57
92 86
24
83 37
33
41 40
40
25 32
38
44 45
21
2 48
79
34 37
93
4 94
83
78 43
18
37 42
50
36 46
60
55 59
94
13 99
48
71 40
12
30 2
63
90 53
73
29 43
72
92 99
89
22 3
23
66 46
73
85 59
37
76 10
99
15 0
89
18 5
97
78 56
10
17 46
8
55 72
64
94 0
96
11 2
60
52 3
73
29 56
93
73 62
16
45 0
95
64 13
25
3 3
19
22 16
69
66 59
88
85 72
80
24 62
41
98 11
19
15 13
4
59 56
18
18 18
19
17 59
36
91 8
29
58 60
45
77 73
94
75 0
6
61 65
58
94 13
69
80 78
46
52 16
50
10 19
58
54 62
10
73 75
59
12 65
81
86 14
59
31 78
20
45 13
51
88 60
39
24 75
73
65 76
80
63 3
83
82 16
100
1 91
61
21 6
8
40 19
69
58 73
78
77 86
61
42 65
4
61 78
12
80 91
89
74 17
78
51 33
86
54 75
30
95 76
48
67 14
85
12 78
53
86 27
51
72 92
50
70 19
21
89 32
43
28 22
40
47 35
26
46 76
70
5 38
73
49 81
83
40 32
70
26 97
23
42 78
58
0 81
5
60 95
50
93 43
59
13 20
75
51 46
77
16 25
64
35 38
9
95 89
53
34 79
81
70 32
91
56 97
26
28 35
19
69 36
39
5 51
70
46 89
85
49 94
18
90 95
93
62 33
2
7 97
54
81 46
72
20 36
72
96 31
91
41 95
93
13 33
8
99 36
42
32 46
74
16 38
85
76 52
22
34 92
69
92 33
50
37 97
73
9 35
29
50 36
1
69 49
31
8 39
24
11 44
82
71 95
64
30 57
35
62 46
32
29 98
45
4 41
94
23 54
21
97 3
42
55 6
76
96 44
16
99 49
59
76 65
78
15 55
53
6 6
12
18 60
40
59 98
88
50 49
81
91 50
23
94 55
71
27 65
12
11 57
45
85 6
33
43 9
64
84 47
61
1 12
86
4 54
36
45 55
28
36 6
99
22 71
76
80 12
58
38 52
81
57 65
55
15 68
80
73 9
65
18 73
78
31 12
43
75 55
60
94 68
78
66 6
92
33 58
38
65 10
80
84 60
12
10 74
95
87 65
22
45 68
90
86 69
90
58 7
93
3 71
73
77 20
68
89 74
24
22 84
83
61 12
56
80 25
92
19 15
57
79 66
6
63 58
17
82 71
53
95 10
40
40 74
81
12 12
100
31 25
90
72 26
71
75 68
41
88 7
44
33 71
75
52 84
57
93 85
41
10 87
34
51 88
16
68 28
13
26 31
85
67 69
48
86 82
12
70 74
33
89 87
51
42 12
46
28 77
20
61 25
40
60 29
73
5 93
16
79 79
52
63 71
73
21 74
40
95 23
17
40 87
80
81 88
33
34 13
58
72 39
6
37 18
33
14 34
37
88 20
14
93 98
79
46 23
28
49 28
33
35 93
27
67 82
98
26 44
96
83 26
94
28 90
39
0 28
66
41 29
9
60 42
60
44 34
70
21 87
54
62 88
76
34 26
65
20 91
10
37 31
46
56 44
84
23 96
55
97 45
77
74 98
28
100
75
0
69
1
51
2
59
3
51
4
52
7
97
8
22
9
44
10
98
11
42
12
83
13
76
14
46
15
31
16
89
19
46
20
26
21
95
22
4
23
63
24
7
25
39
26
86
27
66
30
77
31
90
32
2
34
80
35
56
36
28
37
28
39
40
40
10
42
47
43
34
44
88
45
94
47
44
50
90
53
66
54
47
56
67
57
23
59
52
60
51
61
54
62
23
63
79
64
70
65
69
67
97
68
54
70
73
71
10
72
26
74
17
75
30
77
5
78
44
79
2
82
74
83
82
84
71
85
73
87
83
88
15
89
68
90
3
91
98
92
32
93
78
95
92
96
32
97
47
99
89
